<?xml version="1.0" encoding="ISO-8859-1"?>

<pomdpx version ="1.0" id="sample" xmlns:xsi="http://www.w3.org/2001/XMLSchema-instance"
      xsi:noNamespaceSchemaLocation="/Users/Milad/Documents/appl-0.96/doc/POMDPX/pomdpx.xsd">

<Description>POMDP model</Description>

<Discount>0.95</Discount>

<Variable>

<StateVar vnamePrev="ps_0" vnameCurr="ps_1" fullyObs="false">
<ValueEnum>a1 a2 a3 a4 a5 a6 a7 a8 a9 a10 a11 a12 a13 a14 a15 a16 a17 a18 a19 a20 a21</ValueEnum>
</StateVar>

<ObsVar vname="measurements">
<NumValues>21</NumValues>
</ObsVar>

<ActionVar vname="action_control">
<ValueEnum>a1 a2 a3 a4 a5 a6 a7 a8 a9 a10 a11 a12 a13 a14 a15 a16 a17 a18 a19 a20 a21</ValueEnum>
</ActionVar>

<RewardVar vname="reward_agent" />
</Variable>

<InitialStateBelief>
<CondProb>
<Var>ps_0</Var>
<Parent>null</Parent>
<Parameter type = "TBL">
<Entry>
<Instance>-</Instance>
<ProbTable>0.0476190476190476 0.0476190476190476 0.0476190476190476 0.0476190476190476 0.0476190476190476 0.0476190476190476 0.0476190476190476 0.0476190476190476 0.0476190476190476 0.0476190476190476 0.0476190476190476 0.0476190476190476 0.0476190476190476 0.0476190476190476 0.0476190476190476 0.0476190476190476 0.0476190476190476 0.0476190476190476 0.0476190476190476 0.0476190476190476 0.0476190476190476</ProbTable>
</Entry>
</Parameter>
</CondProb>

</InitialStateBelief>

<StateTransitionFunction>

<CondProb>
<Var>ps_1</Var>
<Parent>action_control ps_0</Parent>
<Parameter type="TBL">
<Entry>
<Instance>a1 - -</Instance>
<ProbTable>1.0000000000 0.0000000000 0.0000000000 0.0000000000 0.0000000000 0.0000000000 0.0000000000 0.0000000000 0.0000000000 0.0000000000 0.0000000000 0.0000000000 0.0000000000 0.0000000000 0.0000000000 0.0000000000 0.0000000000 0.0000000000 0.0000000000 0.0000000000 0.0000000000
0.0000000000 0.0053000000 0.4701000000 0.4009000000 0.1030000000 0.0176000000 0.0026000000 0.0004000000 0.0001000000 0.0000000000 0.0000000000 0.0000000000 0.0000000000 0.0000000000 0.0000000000 0.0000000000 0.0000000000 0.0000000000 0.0000000000 0.0000000000 0.0000000000
0.0000000000 0.0000000000 0.0051000000 0.1092000000 0.2775000000 0.2807000000 0.1785000000 0.0881000000 0.0376000000 0.0147000000 0.0055000000 0.0020000000 0.0007000000 0.0003000000 0.0001000000 0.0000000000 0.0000000000 0.0000000000 0.0000000000 0.0000000000 0.0000000000
0.0000000000 0.0000000000 0.0000000000 0.0061000000 0.0549000000 0.1473000000 0.2079000000 0.2012000000 0.1539000000 0.1009000000 0.0598000000 0.0330000000 0.0174000000 0.0089000000 0.0044000000 0.0022000000 0.0011000000 0.0005000000 0.0003000000 0.0001000000 0.0001000000
0.0000000000 0.0000000000 0.0000000000 0.0003999600 0.0080991901 0.0412958704 0.0987901210 0.1495850415 0.1684831517 0.1554844516 0.1249875012 0.0910908909 0.0616938306 0.0396960304 0.0245975402 0.0147985201 0.0086991301 0.0050994901 0.0028997100 0.0016998300 0.0025997400
0.0000000000 0.0000000000 0.0000000000 0.0000000000 0.0013000000 0.0108000000 0.0380000000 0.0794000000 0.1182000000 0.1397000000 0.1400000000 0.1245000000 0.1013000000 0.0770000000 0.0557000000 0.0387000000 0.0261000000 0.0172000000 0.0111000000 0.0071000000 0.0139000000
0.0000000000 0.0000000000 0.0000000000 0.0000000000 0.0003000000 0.0031000000 0.0146000000 0.0388000000 0.0715000000 0.1017000000 0.1205000000 0.1246000000 0.1163000000 0.1005000000 0.0817000000 0.0633000000 0.0473000000 0.0343000000 0.0243000000 0.0169000000 0.0403000000
0.0000000000 0.0000000000 0.0000000000 0.0000000000 0.0000999700 0.0009997001 0.0059982005 0.0192942117 0.0419874038 0.0690792762 0.0930720784 0.1082675197 0.1125662301 0.1072678197 0.0955713286 0.0806757973 0.0651804459 0.0509847046 0.0386883935 0.0287913626 0.0814755573
0.0000000000 0.0000000000 0.0000000000 0.0000000000 0.0000000000 0.0004000000 0.0027000000 0.0102000000 0.0252000000 0.0466000000 0.0696000000 0.0888000000 0.1004000000 0.1035000000 0.0991000000 0.0894000000 0.0770000000 0.0638000000 0.0513000000 0.0401000000 0.1319000000
0.0000000000 0.0000000000 0.0000000000 0.0000000000 0.0000000000 0.0001999800 0.0013998600 0.0057994201 0.0158984102 0.0320967903 0.0520947905 0.0715928407 0.0866913309 0.0950904910 0.0963903610 0.0918908109 0.0831916808 0.0722927707 0.0606939306 0.0494950505 0.1851814819
0.0000000000 0.0000000000 0.0000000000 0.0000000000 0.0000000000 0.0000999900 0.0007999200 0.0035996400 0.0105989401 0.0230976902 0.0398960104 0.0581941806 0.0743925607 0.0856914309 0.0909909009 0.0904909509 0.0852914709 0.0769923008 0.0669933007 0.0565943406 0.2362763724
0.0000000000 0.0000000000 0.0000000000 0.0000000000 0.0000000000 0.0000000000 0.0004999500 0.0023997600 0.0074992501 0.0172982702 0.0314968503 0.0481951805 0.0642935706 0.0771922808 0.0849915008 0.0874912509 0.0850914909 0.0791920808 0.0708929107 0.0614938506 0.2819718028
0.0000000000 0.0000000000 0.0000000000 0.0000000000 0.0000000000 0.0000000000 0.0003000000 0.0017000000 0.0056000000 0.0136000000 0.0258000000 0.0409000000 0.0565000000 0.0700000000 0.0794000000 0.0839000000 0.0838000000 0.0798000000 0.0730000000 0.0647000000 0.3210000000
0.0000000000 0.0000000000 0.0000000000 0.0000000000 0.0000000000 0.0000000000 0.0002000000 0.0013000000 0.0044000000 0.0111000000 0.0219000000 0.0357000000 0.0507000000 0.0643000000 0.0746000000 0.0805000000 0.0820000000 0.0796000000 0.0741000000 0.0668000000 0.3528000000
0.0000000000 0.0000000000 0.0000000000 0.0000000000 0.0000000000 0.0000000000 0.0001999800 0.0009999000 0.0036996300 0.0094990501 0.0191980802 0.0320967903 0.0463953605 0.0599940006 0.0707929207 0.0776922308 0.0802919708 0.0789921008 0.0745925407 0.0679932007 0.3775622438
0.0000000000 0.0000000000 0.0000000000 0.0000000000 0.0000000000 0.0000000000 0.0001000000 0.0009000000 0.0032000000 0.0085000000 0.0174000000 0.0296000000 0.0434000000 0.0569000000 0.0680000000 0.0755000000 0.0788000000 0.0784000000 0.0747000000 0.0687000000 0.3959000000
0.0000000000 0.0000000000 0.0000000000 0.0000000000 0.0000000000 0.0000000000 0.0001000000 0.0008000000 0.0030000000 0.0079000000 0.0163000000 0.0280000000 0.0415000000 0.0548000000 0.0661000000 0.0739000000 0.0778000000 0.0778000000 0.0747000000 0.0691000000 0.4082000000
0.0000000000 0.0000000000 0.0000000000 0.0000000000 0.0000000000 0.0000000000 0.0001000200 0.0007001400 0.0028005601 0.0075015003 0.0157031406 0.0271054211 0.0404080816 0.0537107421 0.0650130026 0.0730146029 0.0772154431 0.0775155031 0.0746149230 0.0693138628 0.4152830566
0.0000000000 0.0000000000 0.0000000000 0.0000000000 0.0000000000 0.0000000000 0.0001000100 0.0007000700 0.0028002800 0.0074007401 0.0155015502 0.0268026803 0.0401040104 0.0533053305 0.0647064706 0.0727072707 0.0770077008 0.0774077408 0.0746074607 0.0694069407 0.4174417442
0.0000000000 0.0000000000 0.0000000000 0.0000000000 0.0000000000 0.0000000000 0.0001000100 0.0007000700 0.0028002800 0.0075007501 0.0157015702 0.0271027103 0.0404040404 0.0536053605 0.0650065007 0.0730073007 0.0772077208 0.0775077508 0.0746074607 0.0693069307 0.4154415442
0.0000000000 0.0000000000 0.0000000000 0.0000000000 0.0000000000 0.0000000000 0.0000999900 0.0007999200 0.0028997100 0.0077992201 0.0161983802 0.0277972203 0.0412958704 0.0545945405 0.0658934107 0.0737926207 0.0776922308 0.0777922208 0.0746925307 0.0691930807 0.4094590541
</ProbTable>
</Entry>
<Entry>
<Instance>a2 - -</Instance>
<ProbTable>1.0000000000 0.0000000000 0.0000000000 0.0000000000 0.0000000000 0.0000000000 0.0000000000 0.0000000000 0.0000000000 0.0000000000 0.0000000000 0.0000000000 0.0000000000 0.0000000000 0.0000000000 0.0000000000 0.0000000000 0.0000000000 0.0000000000 0.0000000000 0.0000000000
1.0000000000 0.0000000000 0.0000000000 0.0000000000 0.0000000000 0.0000000000 0.0000000000 0.0000000000 0.0000000000 0.0000000000 0.0000000000 0.0000000000 0.0000000000 0.0000000000 0.0000000000 0.0000000000 0.0000000000 0.0000000000 0.0000000000 0.0000000000 0.0000000000
0.0000000000 0.0053000000 0.4701000000 0.4009000000 0.1030000000 0.0176000000 0.0026000000 0.0004000000 0.0001000000 0.0000000000 0.0000000000 0.0000000000 0.0000000000 0.0000000000 0.0000000000 0.0000000000 0.0000000000 0.0000000000 0.0000000000 0.0000000000 0.0000000000
0.0000000000 0.0000000000 0.0051000000 0.1092000000 0.2775000000 0.2807000000 0.1785000000 0.0881000000 0.0376000000 0.0147000000 0.0055000000 0.0020000000 0.0007000000 0.0003000000 0.0001000000 0.0000000000 0.0000000000 0.0000000000 0.0000000000 0.0000000000 0.0000000000
0.0000000000 0.0000000000 0.0000000000 0.0061000000 0.0549000000 0.1473000000 0.2079000000 0.2012000000 0.1539000000 0.1009000000 0.0598000000 0.0330000000 0.0174000000 0.0089000000 0.0044000000 0.0022000000 0.0011000000 0.0005000000 0.0003000000 0.0001000000 0.0001000000
0.0000000000 0.0000000000 0.0000000000 0.0003999600 0.0080991901 0.0412958704 0.0987901210 0.1495850415 0.1684831517 0.1554844516 0.1249875012 0.0910908909 0.0616938306 0.0396960304 0.0245975402 0.0147985201 0.0086991301 0.0050994901 0.0028997100 0.0016998300 0.0025997400
0.0000000000 0.0000000000 0.0000000000 0.0000000000 0.0013000000 0.0108000000 0.0380000000 0.0794000000 0.1182000000 0.1397000000 0.1400000000 0.1245000000 0.1013000000 0.0770000000 0.0557000000 0.0387000000 0.0261000000 0.0172000000 0.0111000000 0.0071000000 0.0139000000
0.0000000000 0.0000000000 0.0000000000 0.0000000000 0.0003000000 0.0031000000 0.0146000000 0.0388000000 0.0715000000 0.1017000000 0.1205000000 0.1246000000 0.1163000000 0.1005000000 0.0817000000 0.0633000000 0.0473000000 0.0343000000 0.0243000000 0.0169000000 0.0403000000
0.0000000000 0.0000000000 0.0000000000 0.0000000000 0.0000999700 0.0009997001 0.0059982005 0.0192942117 0.0419874038 0.0690792762 0.0930720784 0.1082675197 0.1125662301 0.1072678197 0.0955713286 0.0806757973 0.0651804459 0.0509847046 0.0386883935 0.0287913626 0.0814755573
0.0000000000 0.0000000000 0.0000000000 0.0000000000 0.0000000000 0.0004000000 0.0027000000 0.0102000000 0.0252000000 0.0466000000 0.0696000000 0.0888000000 0.1004000000 0.1035000000 0.0991000000 0.0894000000 0.0770000000 0.0638000000 0.0513000000 0.0401000000 0.1319000000
0.0000000000 0.0000000000 0.0000000000 0.0000000000 0.0000000000 0.0001999800 0.0013998600 0.0057994201 0.0158984102 0.0320967903 0.0520947905 0.0715928407 0.0866913309 0.0950904910 0.0963903610 0.0918908109 0.0831916808 0.0722927707 0.0606939306 0.0494950505 0.1851814819
0.0000000000 0.0000000000 0.0000000000 0.0000000000 0.0000000000 0.0000999900 0.0007999200 0.0035996400 0.0105989401 0.0230976902 0.0398960104 0.0581941806 0.0743925607 0.0856914309 0.0909909009 0.0904909509 0.0852914709 0.0769923008 0.0669933007 0.0565943406 0.2362763724
0.0000000000 0.0000000000 0.0000000000 0.0000000000 0.0000000000 0.0000000000 0.0004999500 0.0023997600 0.0074992501 0.0172982702 0.0314968503 0.0481951805 0.0642935706 0.0771922808 0.0849915008 0.0874912509 0.0850914909 0.0791920808 0.0708929107 0.0614938506 0.2819718028
0.0000000000 0.0000000000 0.0000000000 0.0000000000 0.0000000000 0.0000000000 0.0003000000 0.0017000000 0.0056000000 0.0136000000 0.0258000000 0.0409000000 0.0565000000 0.0700000000 0.0794000000 0.0839000000 0.0838000000 0.0798000000 0.0730000000 0.0647000000 0.3210000000
0.0000000000 0.0000000000 0.0000000000 0.0000000000 0.0000000000 0.0000000000 0.0002000000 0.0013000000 0.0044000000 0.0111000000 0.0219000000 0.0357000000 0.0507000000 0.0643000000 0.0746000000 0.0805000000 0.0820000000 0.0796000000 0.0741000000 0.0668000000 0.3528000000
0.0000000000 0.0000000000 0.0000000000 0.0000000000 0.0000000000 0.0000000000 0.0001999800 0.0009999000 0.0036996300 0.0094990501 0.0191980802 0.0320967903 0.0463953605 0.0599940006 0.0707929207 0.0776922308 0.0802919708 0.0789921008 0.0745925407 0.0679932007 0.3775622438
0.0000000000 0.0000000000 0.0000000000 0.0000000000 0.0000000000 0.0000000000 0.0001000000 0.0009000000 0.0032000000 0.0085000000 0.0174000000 0.0296000000 0.0434000000 0.0569000000 0.0680000000 0.0755000000 0.0788000000 0.0784000000 0.0747000000 0.0687000000 0.3959000000
0.0000000000 0.0000000000 0.0000000000 0.0000000000 0.0000000000 0.0000000000 0.0001000000 0.0008000000 0.0030000000 0.0079000000 0.0163000000 0.0280000000 0.0415000000 0.0548000000 0.0661000000 0.0739000000 0.0778000000 0.0778000000 0.0747000000 0.0691000000 0.4082000000
0.0000000000 0.0000000000 0.0000000000 0.0000000000 0.0000000000 0.0000000000 0.0001000200 0.0007001400 0.0028005601 0.0075015003 0.0157031406 0.0271054211 0.0404080816 0.0537107421 0.0650130026 0.0730146029 0.0772154431 0.0775155031 0.0746149230 0.0693138628 0.4152830566
0.0000000000 0.0000000000 0.0000000000 0.0000000000 0.0000000000 0.0000000000 0.0001000100 0.0007000700 0.0028002800 0.0074007401 0.0155015502 0.0268026803 0.0401040104 0.0533053305 0.0647064706 0.0727072707 0.0770077008 0.0774077408 0.0746074607 0.0694069407 0.4174417442
0.0000000000 0.0000000000 0.0000000000 0.0000000000 0.0000000000 0.0000000000 0.0001000100 0.0007000700 0.0028002800 0.0075007501 0.0157015702 0.0271027103 0.0404040404 0.0536053605 0.0650065007 0.0730073007 0.0772077208 0.0775077508 0.0746074607 0.0693069307 0.4154415442
</ProbTable>
</Entry>
<Entry>
<Instance>a3 - -</Instance>
<ProbTable>1.0000000000 0.0000000000 0.0000000000 0.0000000000 0.0000000000 0.0000000000 0.0000000000 0.0000000000 0.0000000000 0.0000000000 0.0000000000 0.0000000000 0.0000000000 0.0000000000 0.0000000000 0.0000000000 0.0000000000 0.0000000000 0.0000000000 0.0000000000 0.0000000000
1.0000000000 0.0000000000 0.0000000000 0.0000000000 0.0000000000 0.0000000000 0.0000000000 0.0000000000 0.0000000000 0.0000000000 0.0000000000 0.0000000000 0.0000000000 0.0000000000 0.0000000000 0.0000000000 0.0000000000 0.0000000000 0.0000000000 0.0000000000 0.0000000000
1.0000000000 0.0000000000 0.0000000000 0.0000000000 0.0000000000 0.0000000000 0.0000000000 0.0000000000 0.0000000000 0.0000000000 0.0000000000 0.0000000000 0.0000000000 0.0000000000 0.0000000000 0.0000000000 0.0000000000 0.0000000000 0.0000000000 0.0000000000 0.0000000000
0.0000000000 0.0053000000 0.4701000000 0.4009000000 0.1030000000 0.0176000000 0.0026000000 0.0004000000 0.0001000000 0.0000000000 0.0000000000 0.0000000000 0.0000000000 0.0000000000 0.0000000000 0.0000000000 0.0000000000 0.0000000000 0.0000000000 0.0000000000 0.0000000000
0.0000000000 0.0000000000 0.0051000000 0.1092000000 0.2775000000 0.2807000000 0.1785000000 0.0881000000 0.0376000000 0.0147000000 0.0055000000 0.0020000000 0.0007000000 0.0003000000 0.0001000000 0.0000000000 0.0000000000 0.0000000000 0.0000000000 0.0000000000 0.0000000000
0.0000000000 0.0000000000 0.0000000000 0.0061000000 0.0549000000 0.1473000000 0.2079000000 0.2012000000 0.1539000000 0.1009000000 0.0598000000 0.0330000000 0.0174000000 0.0089000000 0.0044000000 0.0022000000 0.0011000000 0.0005000000 0.0003000000 0.0001000000 0.0001000000
0.0000000000 0.0000000000 0.0000000000 0.0003999600 0.0080991901 0.0412958704 0.0987901210 0.1495850415 0.1684831517 0.1554844516 0.1249875012 0.0910908909 0.0616938306 0.0396960304 0.0245975402 0.0147985201 0.0086991301 0.0050994901 0.0028997100 0.0016998300 0.0025997400
0.0000000000 0.0000000000 0.0000000000 0.0000000000 0.0013000000 0.0108000000 0.0380000000 0.0794000000 0.1182000000 0.1397000000 0.1400000000 0.1245000000 0.1013000000 0.0770000000 0.0557000000 0.0387000000 0.0261000000 0.0172000000 0.0111000000 0.0071000000 0.0139000000
0.0000000000 0.0000000000 0.0000000000 0.0000000000 0.0003000000 0.0031000000 0.0146000000 0.0388000000 0.0715000000 0.1017000000 0.1205000000 0.1246000000 0.1163000000 0.1005000000 0.0817000000 0.0633000000 0.0473000000 0.0343000000 0.0243000000 0.0169000000 0.0403000000
0.0000000000 0.0000000000 0.0000000000 0.0000000000 0.0000999700 0.0009997001 0.0059982005 0.0192942117 0.0419874038 0.0690792762 0.0930720784 0.1082675197 0.1125662301 0.1072678197 0.0955713286 0.0806757973 0.0651804459 0.0509847046 0.0386883935 0.0287913626 0.0814755573
0.0000000000 0.0000000000 0.0000000000 0.0000000000 0.0000000000 0.0004000000 0.0027000000 0.0102000000 0.0252000000 0.0466000000 0.0696000000 0.0888000000 0.1004000000 0.1035000000 0.0991000000 0.0894000000 0.0770000000 0.0638000000 0.0513000000 0.0401000000 0.1319000000
0.0000000000 0.0000000000 0.0000000000 0.0000000000 0.0000000000 0.0001999800 0.0013998600 0.0057994201 0.0158984102 0.0320967903 0.0520947905 0.0715928407 0.0866913309 0.0950904910 0.0963903610 0.0918908109 0.0831916808 0.0722927707 0.0606939306 0.0494950505 0.1851814819
0.0000000000 0.0000000000 0.0000000000 0.0000000000 0.0000000000 0.0000999900 0.0007999200 0.0035996400 0.0105989401 0.0230976902 0.0398960104 0.0581941806 0.0743925607 0.0856914309 0.0909909009 0.0904909509 0.0852914709 0.0769923008 0.0669933007 0.0565943406 0.2362763724
0.0000000000 0.0000000000 0.0000000000 0.0000000000 0.0000000000 0.0000000000 0.0004999500 0.0023997600 0.0074992501 0.0172982702 0.0314968503 0.0481951805 0.0642935706 0.0771922808 0.0849915008 0.0874912509 0.0850914909 0.0791920808 0.0708929107 0.0614938506 0.2819718028
0.0000000000 0.0000000000 0.0000000000 0.0000000000 0.0000000000 0.0000000000 0.0003000000 0.0017000000 0.0056000000 0.0136000000 0.0258000000 0.0409000000 0.0565000000 0.0700000000 0.0794000000 0.0839000000 0.0838000000 0.0798000000 0.0730000000 0.0647000000 0.3210000000
0.0000000000 0.0000000000 0.0000000000 0.0000000000 0.0000000000 0.0000000000 0.0002000000 0.0013000000 0.0044000000 0.0111000000 0.0219000000 0.0357000000 0.0507000000 0.0643000000 0.0746000000 0.0805000000 0.0820000000 0.0796000000 0.0741000000 0.0668000000 0.3528000000
0.0000000000 0.0000000000 0.0000000000 0.0000000000 0.0000000000 0.0000000000 0.0001999800 0.0009999000 0.0036996300 0.0094990501 0.0191980802 0.0320967903 0.0463953605 0.0599940006 0.0707929207 0.0776922308 0.0802919708 0.0789921008 0.0745925407 0.0679932007 0.3775622438
0.0000000000 0.0000000000 0.0000000000 0.0000000000 0.0000000000 0.0000000000 0.0001000000 0.0009000000 0.0032000000 0.0085000000 0.0174000000 0.0296000000 0.0434000000 0.0569000000 0.0680000000 0.0755000000 0.0788000000 0.0784000000 0.0747000000 0.0687000000 0.3959000000
0.0000000000 0.0000000000 0.0000000000 0.0000000000 0.0000000000 0.0000000000 0.0001000000 0.0008000000 0.0030000000 0.0079000000 0.0163000000 0.0280000000 0.0415000000 0.0548000000 0.0661000000 0.0739000000 0.0778000000 0.0778000000 0.0747000000 0.0691000000 0.4082000000
0.0000000000 0.0000000000 0.0000000000 0.0000000000 0.0000000000 0.0000000000 0.0001000200 0.0007001400 0.0028005601 0.0075015003 0.0157031406 0.0271054211 0.0404080816 0.0537107421 0.0650130026 0.0730146029 0.0772154431 0.0775155031 0.0746149230 0.0693138628 0.4152830566
0.0000000000 0.0000000000 0.0000000000 0.0000000000 0.0000000000 0.0000000000 0.0001000100 0.0007000700 0.0028002800 0.0074007401 0.0155015502 0.0268026803 0.0401040104 0.0533053305 0.0647064706 0.0727072707 0.0770077008 0.0774077408 0.0746074607 0.0694069407 0.4174417442
</ProbTable>
</Entry>
<Entry>
<Instance>a4 - -</Instance>
<ProbTable>1.0000000000 0.0000000000 0.0000000000 0.0000000000 0.0000000000 0.0000000000 0.0000000000 0.0000000000 0.0000000000 0.0000000000 0.0000000000 0.0000000000 0.0000000000 0.0000000000 0.0000000000 0.0000000000 0.0000000000 0.0000000000 0.0000000000 0.0000000000 0.0000000000
1.0000000000 0.0000000000 0.0000000000 0.0000000000 0.0000000000 0.0000000000 0.0000000000 0.0000000000 0.0000000000 0.0000000000 0.0000000000 0.0000000000 0.0000000000 0.0000000000 0.0000000000 0.0000000000 0.0000000000 0.0000000000 0.0000000000 0.0000000000 0.0000000000
1.0000000000 0.0000000000 0.0000000000 0.0000000000 0.0000000000 0.0000000000 0.0000000000 0.0000000000 0.0000000000 0.0000000000 0.0000000000 0.0000000000 0.0000000000 0.0000000000 0.0000000000 0.0000000000 0.0000000000 0.0000000000 0.0000000000 0.0000000000 0.0000000000
1.0000000000 0.0000000000 0.0000000000 0.0000000000 0.0000000000 0.0000000000 0.0000000000 0.0000000000 0.0000000000 0.0000000000 0.0000000000 0.0000000000 0.0000000000 0.0000000000 0.0000000000 0.0000000000 0.0000000000 0.0000000000 0.0000000000 0.0000000000 0.0000000000
0.0000000000 0.0053000000 0.4701000000 0.4009000000 0.1030000000 0.0176000000 0.0026000000 0.0004000000 0.0001000000 0.0000000000 0.0000000000 0.0000000000 0.0000000000 0.0000000000 0.0000000000 0.0000000000 0.0000000000 0.0000000000 0.0000000000 0.0000000000 0.0000000000
0.0000000000 0.0000000000 0.0051000000 0.1092000000 0.2775000000 0.2807000000 0.1785000000 0.0881000000 0.0376000000 0.0147000000 0.0055000000 0.0020000000 0.0007000000 0.0003000000 0.0001000000 0.0000000000 0.0000000000 0.0000000000 0.0000000000 0.0000000000 0.0000000000
0.0000000000 0.0000000000 0.0000000000 0.0061000000 0.0549000000 0.1473000000 0.2079000000 0.2012000000 0.1539000000 0.1009000000 0.0598000000 0.0330000000 0.0174000000 0.0089000000 0.0044000000 0.0022000000 0.0011000000 0.0005000000 0.0003000000 0.0001000000 0.0001000000
0.0000000000 0.0000000000 0.0000000000 0.0003999600 0.0080991901 0.0412958704 0.0987901210 0.1495850415 0.1684831517 0.1554844516 0.1249875012 0.0910908909 0.0616938306 0.0396960304 0.0245975402 0.0147985201 0.0086991301 0.0050994901 0.0028997100 0.0016998300 0.0025997400
0.0000000000 0.0000000000 0.0000000000 0.0000000000 0.0013000000 0.0108000000 0.0380000000 0.0794000000 0.1182000000 0.1397000000 0.1400000000 0.1245000000 0.1013000000 0.0770000000 0.0557000000 0.0387000000 0.0261000000 0.0172000000 0.0111000000 0.0071000000 0.0139000000
0.0000000000 0.0000000000 0.0000000000 0.0000000000 0.0003000000 0.0031000000 0.0146000000 0.0388000000 0.0715000000 0.1017000000 0.1205000000 0.1246000000 0.1163000000 0.1005000000 0.0817000000 0.0633000000 0.0473000000 0.0343000000 0.0243000000 0.0169000000 0.0403000000
0.0000000000 0.0000000000 0.0000000000 0.0000000000 0.0000999700 0.0009997001 0.0059982005 0.0192942117 0.0419874038 0.0690792762 0.0930720784 0.1082675197 0.1125662301 0.1072678197 0.0955713286 0.0806757973 0.0651804459 0.0509847046 0.0386883935 0.0287913626 0.0814755573
0.0000000000 0.0000000000 0.0000000000 0.0000000000 0.0000000000 0.0004000000 0.0027000000 0.0102000000 0.0252000000 0.0466000000 0.0696000000 0.0888000000 0.1004000000 0.1035000000 0.0991000000 0.0894000000 0.0770000000 0.0638000000 0.0513000000 0.0401000000 0.1319000000
0.0000000000 0.0000000000 0.0000000000 0.0000000000 0.0000000000 0.0001999800 0.0013998600 0.0057994201 0.0158984102 0.0320967903 0.0520947905 0.0715928407 0.0866913309 0.0950904910 0.0963903610 0.0918908109 0.0831916808 0.0722927707 0.0606939306 0.0494950505 0.1851814819
0.0000000000 0.0000000000 0.0000000000 0.0000000000 0.0000000000 0.0000999900 0.0007999200 0.0035996400 0.0105989401 0.0230976902 0.0398960104 0.0581941806 0.0743925607 0.0856914309 0.0909909009 0.0904909509 0.0852914709 0.0769923008 0.0669933007 0.0565943406 0.2362763724
0.0000000000 0.0000000000 0.0000000000 0.0000000000 0.0000000000 0.0000000000 0.0004999500 0.0023997600 0.0074992501 0.0172982702 0.0314968503 0.0481951805 0.0642935706 0.0771922808 0.0849915008 0.0874912509 0.0850914909 0.0791920808 0.0708929107 0.0614938506 0.2819718028
0.0000000000 0.0000000000 0.0000000000 0.0000000000 0.0000000000 0.0000000000 0.0003000000 0.0017000000 0.0056000000 0.0136000000 0.0258000000 0.0409000000 0.0565000000 0.0700000000 0.0794000000 0.0839000000 0.0838000000 0.0798000000 0.0730000000 0.0647000000 0.3210000000
0.0000000000 0.0000000000 0.0000000000 0.0000000000 0.0000000000 0.0000000000 0.0002000000 0.0013000000 0.0044000000 0.0111000000 0.0219000000 0.0357000000 0.0507000000 0.0643000000 0.0746000000 0.0805000000 0.0820000000 0.0796000000 0.0741000000 0.0668000000 0.3528000000
0.0000000000 0.0000000000 0.0000000000 0.0000000000 0.0000000000 0.0000000000 0.0001999800 0.0009999000 0.0036996300 0.0094990501 0.0191980802 0.0320967903 0.0463953605 0.0599940006 0.0707929207 0.0776922308 0.0802919708 0.0789921008 0.0745925407 0.0679932007 0.3775622438
0.0000000000 0.0000000000 0.0000000000 0.0000000000 0.0000000000 0.0000000000 0.0001000000 0.0009000000 0.0032000000 0.0085000000 0.0174000000 0.0296000000 0.0434000000 0.0569000000 0.0680000000 0.0755000000 0.0788000000 0.0784000000 0.0747000000 0.0687000000 0.3959000000
0.0000000000 0.0000000000 0.0000000000 0.0000000000 0.0000000000 0.0000000000 0.0001000000 0.0008000000 0.0030000000 0.0079000000 0.0163000000 0.0280000000 0.0415000000 0.0548000000 0.0661000000 0.0739000000 0.0778000000 0.0778000000 0.0747000000 0.0691000000 0.4082000000
0.0000000000 0.0000000000 0.0000000000 0.0000000000 0.0000000000 0.0000000000 0.0001000200 0.0007001400 0.0028005601 0.0075015003 0.0157031406 0.0271054211 0.0404080816 0.0537107421 0.0650130026 0.0730146029 0.0772154431 0.0775155031 0.0746149230 0.0693138628 0.4152830566
</ProbTable>
</Entry>
<Entry>
<Instance>a5 - -</Instance>
<ProbTable>1.0000000000 0.0000000000 0.0000000000 0.0000000000 0.0000000000 0.0000000000 0.0000000000 0.0000000000 0.0000000000 0.0000000000 0.0000000000 0.0000000000 0.0000000000 0.0000000000 0.0000000000 0.0000000000 0.0000000000 0.0000000000 0.0000000000 0.0000000000 0.0000000000
1.0000000000 0.0000000000 0.0000000000 0.0000000000 0.0000000000 0.0000000000 0.0000000000 0.0000000000 0.0000000000 0.0000000000 0.0000000000 0.0000000000 0.0000000000 0.0000000000 0.0000000000 0.0000000000 0.0000000000 0.0000000000 0.0000000000 0.0000000000 0.0000000000
1.0000000000 0.0000000000 0.0000000000 0.0000000000 0.0000000000 0.0000000000 0.0000000000 0.0000000000 0.0000000000 0.0000000000 0.0000000000 0.0000000000 0.0000000000 0.0000000000 0.0000000000 0.0000000000 0.0000000000 0.0000000000 0.0000000000 0.0000000000 0.0000000000
1.0000000000 0.0000000000 0.0000000000 0.0000000000 0.0000000000 0.0000000000 0.0000000000 0.0000000000 0.0000000000 0.0000000000 0.0000000000 0.0000000000 0.0000000000 0.0000000000 0.0000000000 0.0000000000 0.0000000000 0.0000000000 0.0000000000 0.0000000000 0.0000000000
1.0000000000 0.0000000000 0.0000000000 0.0000000000 0.0000000000 0.0000000000 0.0000000000 0.0000000000 0.0000000000 0.0000000000 0.0000000000 0.0000000000 0.0000000000 0.0000000000 0.0000000000 0.0000000000 0.0000000000 0.0000000000 0.0000000000 0.0000000000 0.0000000000
0.0000000000 0.0053000000 0.4701000000 0.4009000000 0.1030000000 0.0176000000 0.0026000000 0.0004000000 0.0001000000 0.0000000000 0.0000000000 0.0000000000 0.0000000000 0.0000000000 0.0000000000 0.0000000000 0.0000000000 0.0000000000 0.0000000000 0.0000000000 0.0000000000
0.0000000000 0.0000000000 0.0051000000 0.1092000000 0.2775000000 0.2807000000 0.1785000000 0.0881000000 0.0376000000 0.0147000000 0.0055000000 0.0020000000 0.0007000000 0.0003000000 0.0001000000 0.0000000000 0.0000000000 0.0000000000 0.0000000000 0.0000000000 0.0000000000
0.0000000000 0.0000000000 0.0000000000 0.0061000000 0.0549000000 0.1473000000 0.2079000000 0.2012000000 0.1539000000 0.1009000000 0.0598000000 0.0330000000 0.0174000000 0.0089000000 0.0044000000 0.0022000000 0.0011000000 0.0005000000 0.0003000000 0.0001000000 0.0001000000
0.0000000000 0.0000000000 0.0000000000 0.0003999600 0.0080991901 0.0412958704 0.0987901210 0.1495850415 0.1684831517 0.1554844516 0.1249875012 0.0910908909 0.0616938306 0.0396960304 0.0245975402 0.0147985201 0.0086991301 0.0050994901 0.0028997100 0.0016998300 0.0025997400
0.0000000000 0.0000000000 0.0000000000 0.0000000000 0.0013000000 0.0108000000 0.0380000000 0.0794000000 0.1182000000 0.1397000000 0.1400000000 0.1245000000 0.1013000000 0.0770000000 0.0557000000 0.0387000000 0.0261000000 0.0172000000 0.0111000000 0.0071000000 0.0139000000
0.0000000000 0.0000000000 0.0000000000 0.0000000000 0.0003000000 0.0031000000 0.0146000000 0.0388000000 0.0715000000 0.1017000000 0.1205000000 0.1246000000 0.1163000000 0.1005000000 0.0817000000 0.0633000000 0.0473000000 0.0343000000 0.0243000000 0.0169000000 0.0403000000
0.0000000000 0.0000000000 0.0000000000 0.0000000000 0.0000999700 0.0009997001 0.0059982005 0.0192942117 0.0419874038 0.0690792762 0.0930720784 0.1082675197 0.1125662301 0.1072678197 0.0955713286 0.0806757973 0.0651804459 0.0509847046 0.0386883935 0.0287913626 0.0814755573
0.0000000000 0.0000000000 0.0000000000 0.0000000000 0.0000000000 0.0004000000 0.0027000000 0.0102000000 0.0252000000 0.0466000000 0.0696000000 0.0888000000 0.1004000000 0.1035000000 0.0991000000 0.0894000000 0.0770000000 0.0638000000 0.0513000000 0.0401000000 0.1319000000
0.0000000000 0.0000000000 0.0000000000 0.0000000000 0.0000000000 0.0001999800 0.0013998600 0.0057994201 0.0158984102 0.0320967903 0.0520947905 0.0715928407 0.0866913309 0.0950904910 0.0963903610 0.0918908109 0.0831916808 0.0722927707 0.0606939306 0.0494950505 0.1851814819
0.0000000000 0.0000000000 0.0000000000 0.0000000000 0.0000000000 0.0000999900 0.0007999200 0.0035996400 0.0105989401 0.0230976902 0.0398960104 0.0581941806 0.0743925607 0.0856914309 0.0909909009 0.0904909509 0.0852914709 0.0769923008 0.0669933007 0.0565943406 0.2362763724
0.0000000000 0.0000000000 0.0000000000 0.0000000000 0.0000000000 0.0000000000 0.0004999500 0.0023997600 0.0074992501 0.0172982702 0.0314968503 0.0481951805 0.0642935706 0.0771922808 0.0849915008 0.0874912509 0.0850914909 0.0791920808 0.0708929107 0.0614938506 0.2819718028
0.0000000000 0.0000000000 0.0000000000 0.0000000000 0.0000000000 0.0000000000 0.0003000000 0.0017000000 0.0056000000 0.0136000000 0.0258000000 0.0409000000 0.0565000000 0.0700000000 0.0794000000 0.0839000000 0.0838000000 0.0798000000 0.0730000000 0.0647000000 0.3210000000
0.0000000000 0.0000000000 0.0000000000 0.0000000000 0.0000000000 0.0000000000 0.0002000000 0.0013000000 0.0044000000 0.0111000000 0.0219000000 0.0357000000 0.0507000000 0.0643000000 0.0746000000 0.0805000000 0.0820000000 0.0796000000 0.0741000000 0.0668000000 0.3528000000
0.0000000000 0.0000000000 0.0000000000 0.0000000000 0.0000000000 0.0000000000 0.0001999800 0.0009999000 0.0036996300 0.0094990501 0.0191980802 0.0320967903 0.0463953605 0.0599940006 0.0707929207 0.0776922308 0.0802919708 0.0789921008 0.0745925407 0.0679932007 0.3775622438
0.0000000000 0.0000000000 0.0000000000 0.0000000000 0.0000000000 0.0000000000 0.0001000000 0.0009000000 0.0032000000 0.0085000000 0.0174000000 0.0296000000 0.0434000000 0.0569000000 0.0680000000 0.0755000000 0.0788000000 0.0784000000 0.0747000000 0.0687000000 0.3959000000
0.0000000000 0.0000000000 0.0000000000 0.0000000000 0.0000000000 0.0000000000 0.0001000000 0.0008000000 0.0030000000 0.0079000000 0.0163000000 0.0280000000 0.0415000000 0.0548000000 0.0661000000 0.0739000000 0.0778000000 0.0778000000 0.0747000000 0.0691000000 0.4082000000
</ProbTable>
</Entry>
<Entry>
<Instance>a6 - -</Instance>
<ProbTable>1.0000000000 0.0000000000 0.0000000000 0.0000000000 0.0000000000 0.0000000000 0.0000000000 0.0000000000 0.0000000000 0.0000000000 0.0000000000 0.0000000000 0.0000000000 0.0000000000 0.0000000000 0.0000000000 0.0000000000 0.0000000000 0.0000000000 0.0000000000 0.0000000000
1.0000000000 0.0000000000 0.0000000000 0.0000000000 0.0000000000 0.0000000000 0.0000000000 0.0000000000 0.0000000000 0.0000000000 0.0000000000 0.0000000000 0.0000000000 0.0000000000 0.0000000000 0.0000000000 0.0000000000 0.0000000000 0.0000000000 0.0000000000 0.0000000000
1.0000000000 0.0000000000 0.0000000000 0.0000000000 0.0000000000 0.0000000000 0.0000000000 0.0000000000 0.0000000000 0.0000000000 0.0000000000 0.0000000000 0.0000000000 0.0000000000 0.0000000000 0.0000000000 0.0000000000 0.0000000000 0.0000000000 0.0000000000 0.0000000000
1.0000000000 0.0000000000 0.0000000000 0.0000000000 0.0000000000 0.0000000000 0.0000000000 0.0000000000 0.0000000000 0.0000000000 0.0000000000 0.0000000000 0.0000000000 0.0000000000 0.0000000000 0.0000000000 0.0000000000 0.0000000000 0.0000000000 0.0000000000 0.0000000000
1.0000000000 0.0000000000 0.0000000000 0.0000000000 0.0000000000 0.0000000000 0.0000000000 0.0000000000 0.0000000000 0.0000000000 0.0000000000 0.0000000000 0.0000000000 0.0000000000 0.0000000000 0.0000000000 0.0000000000 0.0000000000 0.0000000000 0.0000000000 0.0000000000
1.0000000000 0.0000000000 0.0000000000 0.0000000000 0.0000000000 0.0000000000 0.0000000000 0.0000000000 0.0000000000 0.0000000000 0.0000000000 0.0000000000 0.0000000000 0.0000000000 0.0000000000 0.0000000000 0.0000000000 0.0000000000 0.0000000000 0.0000000000 0.0000000000
0.0000000000 0.0053000000 0.4701000000 0.4009000000 0.1030000000 0.0176000000 0.0026000000 0.0004000000 0.0001000000 0.0000000000 0.0000000000 0.0000000000 0.0000000000 0.0000000000 0.0000000000 0.0000000000 0.0000000000 0.0000000000 0.0000000000 0.0000000000 0.0000000000
0.0000000000 0.0000000000 0.0051000000 0.1092000000 0.2775000000 0.2807000000 0.1785000000 0.0881000000 0.0376000000 0.0147000000 0.0055000000 0.0020000000 0.0007000000 0.0003000000 0.0001000000 0.0000000000 0.0000000000 0.0000000000 0.0000000000 0.0000000000 0.0000000000
0.0000000000 0.0000000000 0.0000000000 0.0061000000 0.0549000000 0.1473000000 0.2079000000 0.2012000000 0.1539000000 0.1009000000 0.0598000000 0.0330000000 0.0174000000 0.0089000000 0.0044000000 0.0022000000 0.0011000000 0.0005000000 0.0003000000 0.0001000000 0.0001000000
0.0000000000 0.0000000000 0.0000000000 0.0003999600 0.0080991901 0.0412958704 0.0987901210 0.1495850415 0.1684831517 0.1554844516 0.1249875012 0.0910908909 0.0616938306 0.0396960304 0.0245975402 0.0147985201 0.0086991301 0.0050994901 0.0028997100 0.0016998300 0.0025997400
0.0000000000 0.0000000000 0.0000000000 0.0000000000 0.0013000000 0.0108000000 0.0380000000 0.0794000000 0.1182000000 0.1397000000 0.1400000000 0.1245000000 0.1013000000 0.0770000000 0.0557000000 0.0387000000 0.0261000000 0.0172000000 0.0111000000 0.0071000000 0.0139000000
0.0000000000 0.0000000000 0.0000000000 0.0000000000 0.0003000000 0.0031000000 0.0146000000 0.0388000000 0.0715000000 0.1017000000 0.1205000000 0.1246000000 0.1163000000 0.1005000000 0.0817000000 0.0633000000 0.0473000000 0.0343000000 0.0243000000 0.0169000000 0.0403000000
0.0000000000 0.0000000000 0.0000000000 0.0000000000 0.0000999700 0.0009997001 0.0059982005 0.0192942117 0.0419874038 0.0690792762 0.0930720784 0.1082675197 0.1125662301 0.1072678197 0.0955713286 0.0806757973 0.0651804459 0.0509847046 0.0386883935 0.0287913626 0.0814755573
0.0000000000 0.0000000000 0.0000000000 0.0000000000 0.0000000000 0.0004000000 0.0027000000 0.0102000000 0.0252000000 0.0466000000 0.0696000000 0.0888000000 0.1004000000 0.1035000000 0.0991000000 0.0894000000 0.0770000000 0.0638000000 0.0513000000 0.0401000000 0.1319000000
0.0000000000 0.0000000000 0.0000000000 0.0000000000 0.0000000000 0.0001999800 0.0013998600 0.0057994201 0.0158984102 0.0320967903 0.0520947905 0.0715928407 0.0866913309 0.0950904910 0.0963903610 0.0918908109 0.0831916808 0.0722927707 0.0606939306 0.0494950505 0.1851814819
0.0000000000 0.0000000000 0.0000000000 0.0000000000 0.0000000000 0.0000999900 0.0007999200 0.0035996400 0.0105989401 0.0230976902 0.0398960104 0.0581941806 0.0743925607 0.0856914309 0.0909909009 0.0904909509 0.0852914709 0.0769923008 0.0669933007 0.0565943406 0.2362763724
0.0000000000 0.0000000000 0.0000000000 0.0000000000 0.0000000000 0.0000000000 0.0004999500 0.0023997600 0.0074992501 0.0172982702 0.0314968503 0.0481951805 0.0642935706 0.0771922808 0.0849915008 0.0874912509 0.0850914909 0.0791920808 0.0708929107 0.0614938506 0.2819718028
0.0000000000 0.0000000000 0.0000000000 0.0000000000 0.0000000000 0.0000000000 0.0003000000 0.0017000000 0.0056000000 0.0136000000 0.0258000000 0.0409000000 0.0565000000 0.0700000000 0.0794000000 0.0839000000 0.0838000000 0.0798000000 0.0730000000 0.0647000000 0.3210000000
0.0000000000 0.0000000000 0.0000000000 0.0000000000 0.0000000000 0.0000000000 0.0002000000 0.0013000000 0.0044000000 0.0111000000 0.0219000000 0.0357000000 0.0507000000 0.0643000000 0.0746000000 0.0805000000 0.0820000000 0.0796000000 0.0741000000 0.0668000000 0.3528000000
0.0000000000 0.0000000000 0.0000000000 0.0000000000 0.0000000000 0.0000000000 0.0001999800 0.0009999000 0.0036996300 0.0094990501 0.0191980802 0.0320967903 0.0463953605 0.0599940006 0.0707929207 0.0776922308 0.0802919708 0.0789921008 0.0745925407 0.0679932007 0.3775622438
0.0000000000 0.0000000000 0.0000000000 0.0000000000 0.0000000000 0.0000000000 0.0001000000 0.0009000000 0.0032000000 0.0085000000 0.0174000000 0.0296000000 0.0434000000 0.0569000000 0.0680000000 0.0755000000 0.0788000000 0.0784000000 0.0747000000 0.0687000000 0.3959000000
</ProbTable>
</Entry>
<Entry>
<Instance>a7 - -</Instance>
<ProbTable>1.0000000000 0.0000000000 0.0000000000 0.0000000000 0.0000000000 0.0000000000 0.0000000000 0.0000000000 0.0000000000 0.0000000000 0.0000000000 0.0000000000 0.0000000000 0.0000000000 0.0000000000 0.0000000000 0.0000000000 0.0000000000 0.0000000000 0.0000000000 0.0000000000
1.0000000000 0.0000000000 0.0000000000 0.0000000000 0.0000000000 0.0000000000 0.0000000000 0.0000000000 0.0000000000 0.0000000000 0.0000000000 0.0000000000 0.0000000000 0.0000000000 0.0000000000 0.0000000000 0.0000000000 0.0000000000 0.0000000000 0.0000000000 0.0000000000
1.0000000000 0.0000000000 0.0000000000 0.0000000000 0.0000000000 0.0000000000 0.0000000000 0.0000000000 0.0000000000 0.0000000000 0.0000000000 0.0000000000 0.0000000000 0.0000000000 0.0000000000 0.0000000000 0.0000000000 0.0000000000 0.0000000000 0.0000000000 0.0000000000
1.0000000000 0.0000000000 0.0000000000 0.0000000000 0.0000000000 0.0000000000 0.0000000000 0.0000000000 0.0000000000 0.0000000000 0.0000000000 0.0000000000 0.0000000000 0.0000000000 0.0000000000 0.0000000000 0.0000000000 0.0000000000 0.0000000000 0.0000000000 0.0000000000
1.0000000000 0.0000000000 0.0000000000 0.0000000000 0.0000000000 0.0000000000 0.0000000000 0.0000000000 0.0000000000 0.0000000000 0.0000000000 0.0000000000 0.0000000000 0.0000000000 0.0000000000 0.0000000000 0.0000000000 0.0000000000 0.0000000000 0.0000000000 0.0000000000
1.0000000000 0.0000000000 0.0000000000 0.0000000000 0.0000000000 0.0000000000 0.0000000000 0.0000000000 0.0000000000 0.0000000000 0.0000000000 0.0000000000 0.0000000000 0.0000000000 0.0000000000 0.0000000000 0.0000000000 0.0000000000 0.0000000000 0.0000000000 0.0000000000
1.0000000000 0.0000000000 0.0000000000 0.0000000000 0.0000000000 0.0000000000 0.0000000000 0.0000000000 0.0000000000 0.0000000000 0.0000000000 0.0000000000 0.0000000000 0.0000000000 0.0000000000 0.0000000000 0.0000000000 0.0000000000 0.0000000000 0.0000000000 0.0000000000
0.0000000000 0.0053000000 0.4701000000 0.4009000000 0.1030000000 0.0176000000 0.0026000000 0.0004000000 0.0001000000 0.0000000000 0.0000000000 0.0000000000 0.0000000000 0.0000000000 0.0000000000 0.0000000000 0.0000000000 0.0000000000 0.0000000000 0.0000000000 0.0000000000
0.0000000000 0.0000000000 0.0051000000 0.1092000000 0.2775000000 0.2807000000 0.1785000000 0.0881000000 0.0376000000 0.0147000000 0.0055000000 0.0020000000 0.0007000000 0.0003000000 0.0001000000 0.0000000000 0.0000000000 0.0000000000 0.0000000000 0.0000000000 0.0000000000
0.0000000000 0.0000000000 0.0000000000 0.0061000000 0.0549000000 0.1473000000 0.2079000000 0.2012000000 0.1539000000 0.1009000000 0.0598000000 0.0330000000 0.0174000000 0.0089000000 0.0044000000 0.0022000000 0.0011000000 0.0005000000 0.0003000000 0.0001000000 0.0001000000
0.0000000000 0.0000000000 0.0000000000 0.0003999600 0.0080991901 0.0412958704 0.0987901210 0.1495850415 0.1684831517 0.1554844516 0.1249875012 0.0910908909 0.0616938306 0.0396960304 0.0245975402 0.0147985201 0.0086991301 0.0050994901 0.0028997100 0.0016998300 0.0025997400
0.0000000000 0.0000000000 0.0000000000 0.0000000000 0.0013000000 0.0108000000 0.0380000000 0.0794000000 0.1182000000 0.1397000000 0.1400000000 0.1245000000 0.1013000000 0.0770000000 0.0557000000 0.0387000000 0.0261000000 0.0172000000 0.0111000000 0.0071000000 0.0139000000
0.0000000000 0.0000000000 0.0000000000 0.0000000000 0.0003000000 0.0031000000 0.0146000000 0.0388000000 0.0715000000 0.1017000000 0.1205000000 0.1246000000 0.1163000000 0.1005000000 0.0817000000 0.0633000000 0.0473000000 0.0343000000 0.0243000000 0.0169000000 0.0403000000
