<?xml version="1.0" encoding="ISO-8859-1"?>

<pomdpx version ="1.0" id="sample" xmlns:xsi="http://www.w3.org/2001/XMLSchema-instance"
      xsi:noNamespaceSchemaLocation="/Users/Milad/Documents/appl-0.96/doc/POMDPX/pomdpx.xsd">

<Description>POMDP model</Description>

<Discount>0.95</Discount>

<Variable>

<StateVar vnamePrev="ps_0" vnameCurr="ps_1" fullyObs="false">
<ValueEnum>a1 a2 a3 a4 a5 a6 a7 a8 a9 a10 a11 a12 a13 a14 a15 a16 a17 a18 a19 a20 a21</ValueEnum>
</StateVar>

<ObsVar vname="measurements">
<NumValues>21</NumValues>
</ObsVar>

<ActionVar vname="action_control">
<ValueEnum>a1 a2 a3 a4 a5 a6 a7 a8 a9 a10 a11 a12 a13 a14 a15 a16 a17 a18 a19 a20 a21</ValueEnum>
</ActionVar>

<RewardVar vname="reward_agent" />
</Variable>

<InitialStateBelief>
<CondProb>
<Var>ps_0</Var>
<Parent>null</Parent>
<Parameter type = "TBL">
<Entry>
<Instance>-</Instance>
<ProbTable>0.0476190476190476 0.0476190476190476 0.0476190476190476 0.0476190476190476 0.0476190476190476 0.0476190476190476 0.0476190476190476 0.0476190476190476 0.0476190476190476 0.0476190476190476 0.0476190476190476 0.0476190476190476 0.0476190476190476 0.0476190476190476 0.0476190476190476 0.0476190476190476 0.0476190476190476 0.0476190476190476 0.0476190476190476 0.0476190476190476 0.0476190476190476</ProbTable>
</Entry>
</Parameter>
</CondProb>

</InitialStateBelief>

<StateTransitionFunction>

<CondProb>
<Var>ps_1</Var>
<Parent>action_control ps_0</Parent>
<Parameter type="TBL">
<Entry>
<Instance>a1 - -</Instance>
<ProbTable>1.0000000000 0.0000000000 0.0000000000 0.0000000000 0.0000000000 0.0000000000 0.0000000000 0.0000000000 0.0000000000 0.0000000000 0.0000000000 0.0000000000 0.0000000000 0.0000000000 0.0000000000 0.0000000000 0.0000000000 0.0000000000 0.0000000000 0.0000000000 0.0000000000
0.0000000000 0.0000000000 0.0001000000 0.0095000000 0.0728000000 0.1731000000 0.2216000000 0.1974000000 0.1405000000 0.0865000000 0.0484000000 0.0254000000 0.0128000000 0.0062000000 0.0030000000 0.0014000000 0.0007000000 0.0003000000 0.0001000000 0.0001000000 0.0001000000
0.0000000000 0.0000000000 0.0000000000 0.0000000000 0.0002000200 0.0027002700 0.0131013101 0.0358035804 0.0673067307 0.0975097510 0.1174117412 0.1232123212 0.1167116712 0.1020102010 0.0839083908 0.0658065807 0.0496049605 0.0363036304 0.0259025903 0.0182018202 0.0443044304
0.0000000000 0.0000000000 0.0000000000 0.0000000000 0.0000000000 0.0001000100 0.0006000600 0.0029002900 0.0091009101 0.0202020202 0.0359035904 0.0535053505 0.0698069807 0.0819081908 0.0884088409 0.0893089309 0.0855085509 0.0782078208 0.0689068907 0.0589058906 0.2567256726
0.0000000000 0.0000000000 0.0000000000 0.0000000000 0.0000000000 0.0000000000 0.0000999900 0.0003999600 0.0015998400 0.0045995400 0.0103989601 0.0190980902 0.0300969903 0.0421957804 0.0535946405 0.0630936906 0.0695930407 0.0726927307 0.0726927307 0.0700929907 0.4897510249
0.0000000000 0.0000000000 0.0000000000 0.0000000000 0.0000000000 0.0000000000 0.0000000000 0.0001000000 0.0004000000 0.0015000000 0.0038000000 0.0081000000 0.0144000000 0.0225000000 0.0318000000 0.0411000000 0.0497000000 0.0565000000 0.0613000000 0.0636000000 0.6452000000
0.0000000000 0.0000000000 0.0000000000 0.0000000000 0.0000000000 0.0000000000 0.0000000000 0.0000000000 0.0001999800 0.0006999300 0.0018998100 0.0042995700 0.0082991701 0.0138986101 0.0209979002 0.0288971103 0.0368963104 0.0442955704 0.0504949505 0.0550944906 0.7340265973
0.0000000000 0.0000000000 0.0000000000 0.0000000000 0.0000000000 0.0000000000 0.0000000000 0.0000000000 0.0001000000 0.0004000000 0.0012000000 0.0028000000 0.0057000000 0.0101000000 0.0158000000 0.0226000000 0.0299000000 0.0371000000 0.0436000000 0.0490000000 0.7817000000
0.0000000000 0.0000000000 0.0000000000 0.0000000000 0.0000000000 0.0000000000 0.0000000000 0.0000000000 0.0001000000 0.0003000000 0.0009000000 0.0023000000 0.0047000000 0.0084000000 0.0135000000 0.0197000000 0.0266000000 0.0335000000 0.0400000000 0.0456000000 0.8044000000
0.0000000000 0.0000000000 0.0000000000 0.0000000000 0.0000000000 0.0000000000 0.0000000000 0.0000000000 0.0000999900 0.0002999700 0.0008999100 0.0020997900 0.0043995600 0.0079992001 0.0128987101 0.0188981102 0.0255974403 0.0324967503 0.0389961004 0.0445955404 0.8107189281
0.0000000000 0.0000000000 0.0000000000 0.0000000000 0.0000000000 0.0000000000 0.0000000000 0.0000000000 0.0000999900 0.0002999700 0.0008999100 0.0021997800 0.0046995300 0.0083991601 0.0133986601 0.0195980402 0.0263973603 0.0333966603 0.0398960104 0.0454954505 0.8052194781
0.0000000000 0.0000000000 0.0000000000 0.0000000000 0.0000000000 0.0000000000 0.0000000000 0.0000000000 0.0000999900 0.0003999600 0.0010998900 0.0025997400 0.0053994601 0.0094990501 0.0149985001 0.0215978402 0.0287971203 0.0358964104 0.0423957604 0.0477952205 0.7894210579
0.0000000000 0.0000000000 0.0000000000 0.0000000000 0.0000000000 0.0000000000 0.0000000000 0.0000000000 0.0001000000 0.0005000000 0.0014000000 0.0033000000 0.0066000000 0.0114000000 0.0177000000 0.0249000000 0.0325000000 0.0399000000 0.0463000000 0.0514000000 0.7640000000
0.0000000000 0.0000000000 0.0000000000 0.0000000000 0.0000000000 0.0000000000 0.0000000000 0.0000000000 0.0001999800 0.0006999300 0.0019998000 0.0044995500 0.0085991401 0.0143985601 0.0215978402 0.0295970403 0.0376962304 0.0450954905 0.0512948705 0.0556944306 0.7286271373
0.0000000000 0.0000000000 0.0000000000 0.0000000000 0.0000000000 0.0000000000 0.0000000000 0.0001000000 0.0003000000 0.0011000000 0.0029000000 0.0062000000 0.0115000000 0.0186000000 0.0269000000 0.0358000000 0.0442000000 0.0515000000 0.0570000000 0.0604000000 0.6835000000
0.0000000000 0.0000000000 0.0000000000 0.0000000000 0.0000000000 0.0000000000 0.0000000000 0.0001000200 0.0005001000 0.0017003401 0.0043008602 0.0089017804 0.0157031406 0.0243048610 0.0339067814 0.0435087017 0.0520104021 0.0586117223 0.0629125825 0.0648129626 0.6287257451
0.0000000000 0.0000000000 0.0000000000 0.0000000000 0.0000000000 0.0000000000 0.0000000000 0.0002000000 0.0009000000 0.0028000000 0.0066000000 0.0129000000 0.0216000000 0.0320000000 0.0427000000 0.0526000000 0.0605000000 0.0659000000 0.0684000000 0.0683000000 0.5646000000
0.0000000000 0.0000000000 0.0000000000 0.0000000000 0.0000000000 0.0000000000 0.0000999800 0.0003999200 0.0015996801 0.0044991002 0.0101979604 0.0186962607 0.0296940612 0.0416916617 0.0530893821 0.0625874825 0.0691861628 0.0724855029 0.0725854829 0.0699860028 0.4932013597
0.0000000000 0.0000000000 0.0000000000 0.0000000000 0.0000000000 0.0000000000 0.0001000100 0.0007000700 0.0028002800 0.0074007401 0.0155015502 0.0268026803 0.0401040104 0.0533053305 0.0647064706 0.0727072707 0.0770077008 0.0774077408 0.0746074607 0.0694069407 0.4174417442
0.0000000000 0.0000000000 0.0000000000 0.0000000000 0.0000000000 0.0000000000 0.0002999700 0.0013998600 0.0048995100 0.0119988001 0.0232976702 0.0376962304 0.0528947105 0.0664933507 0.0764923508 0.0818918108 0.0827917208 0.0796920308 0.0737926207 0.0659934007 0.3403659634
0.0000000000 0.0000000000 0.0000000000 0.0000000000 0.0000000000 0.0000999800 0.0005998800 0.0026994601 0.0083983203 0.0190961808 0.0341931614 0.0514897021 0.0676864627 0.0800839832 0.0871825635 0.0886822635 0.0853829234 0.0785842831 0.0696860628 0.0598880224 0.2662467506
</ProbTable>
</Entry>
<Entry>
<Instance>a2 - -</Instance>
<ProbTable>1.0000000000 0.0000000000 0.0000000000 0.0000000000 0.0000000000 0.0000000000 0.0000000000 0.0000000000 0.0000000000 0.0000000000 0.0000000000 0.0000000000 0.0000000000 0.0000000000 0.0000000000 0.0000000000 0.0000000000 0.0000000000 0.0000000000 0.0000000000 0.0000000000
1.0000000000 0.0000000000 0.0000000000 0.0000000000 0.0000000000 0.0000000000 0.0000000000 0.0000000000 0.0000000000 0.0000000000 0.0000000000 0.0000000000 0.0000000000 0.0000000000 0.0000000000 0.0000000000 0.0000000000 0.0000000000 0.0000000000 0.0000000000 0.0000000000
0.0000000000 0.0000000000 0.0001000000 0.0095000000 0.0728000000 0.1731000000 0.2216000000 0.1974000000 0.1405000000 0.0865000000 0.0484000000 0.0254000000 0.0128000000 0.0062000000 0.0030000000 0.0014000000 0.0007000000 0.0003000000 0.0001000000 0.0001000000 0.0001000000
0.0000000000 0.0000000000 0.0000000000 0.0000000000 0.0002000200 0.0027002700 0.0131013101 0.0358035804 0.0673067307 0.0975097510 0.1174117412 0.1232123212 0.1167116712 0.1020102010 0.0839083908 0.0658065807 0.0496049605 0.0363036304 0.0259025903 0.0182018202 0.0443044304
0.0000000000 0.0000000000 0.0000000000 0.0000000000 0.0000000000 0.0001000100 0.0006000600 0.0029002900 0.0091009101 0.0202020202 0.0359035904 0.0535053505 0.0698069807 0.0819081908 0.0884088409 0.0893089309 0.0855085509 0.0782078208 0.0689068907 0.0589058906 0.2567256726
0.0000000000 0.0000000000 0.0000000000 0.0000000000 0.0000000000 0.0000000000 0.0000999900 0.0003999600 0.0015998400 0.0045995400 0.0103989601 0.0190980902 0.0300969903 0.0421957804 0.0535946405 0.0630936906 0.0695930407 0.0726927307 0.0726927307 0.0700929907 0.4897510249
0.0000000000 0.0000000000 0.0000000000 0.0000000000 0.0000000000 0.0000000000 0.0000000000 0.0001000000 0.0004000000 0.0015000000 0.0038000000 0.0081000000 0.0144000000 0.0225000000 0.0318000000 0.0411000000 0.0497000000 0.0565000000 0.0613000000 0.0636000000 0.6452000000
0.0000000000 0.0000000000 0.0000000000 0.0000000000 0.0000000000 0.0000000000 0.0000000000 0.0000000000 0.0001999800 0.0006999300 0.0018998100 0.0042995700 0.0082991701 0.0138986101 0.0209979002 0.0288971103 0.0368963104 0.0442955704 0.0504949505 0.0550944906 0.7340265973
0.0000000000 0.0000000000 0.0000000000 0.0000000000 0.0000000000 0.0000000000 0.0000000000 0.0000000000 0.0001000000 0.0004000000 0.0012000000 0.0028000000 0.0057000000 0.0101000000 0.0158000000 0.0226000000 0.0299000000 0.0371000000 0.0436000000 0.0490000000 0.7817000000
0.0000000000 0.0000000000 0.0000000000 0.0000000000 0.0000000000 0.0000000000 0.0000000000 0.0000000000 0.0001000000 0.0003000000 0.0009000000 0.0023000000 0.0047000000 0.0084000000 0.0135000000 0.0197000000 0.0266000000 0.0335000000 0.0400000000 0.0456000000 0.8044000000
0.0000000000 0.0000000000 0.0000000000 0.0000000000 0.0000000000 0.0000000000 0.0000000000 0.0000000000 0.0000999900 0.0002999700 0.0008999100 0.0020997900 0.0043995600 0.0079992001 0.0128987101 0.0188981102 0.0255974403 0.0324967503 0.0389961004 0.0445955404 0.8107189281
0.0000000000 0.0000000000 0.0000000000 0.0000000000 0.0000000000 0.0000000000 0.0000000000 0.0000000000 0.0000999900 0.0002999700 0.0008999100 0.0021997800 0.0046995300 0.0083991601 0.0133986601 0.0195980402 0.0263973603 0.0333966603 0.0398960104 0.0454954505 0.8052194781
0.0000000000 0.0000000000 0.0000000000 0.0000000000 0.0000000000 0.0000000000 0.0000000000 0.0000000000 0.0000999900 0.0003999600 0.0010998900 0.0025997400 0.0053994601 0.0094990501 0.0149985001 0.0215978402 0.0287971203 0.0358964104 0.0423957604 0.0477952205 0.7894210579
0.0000000000 0.0000000000 0.0000000000 0.0000000000 0.0000000000 0.0000000000 0.0000000000 0.0000000000 0.0001000000 0.0005000000 0.0014000000 0.0033000000 0.0066000000 0.0114000000 0.0177000000 0.0249000000 0.0325000000 0.0399000000 0.0463000000 0.0514000000 0.7640000000
0.0000000000 0.0000000000 0.0000000000 0.0000000000 0.0000000000 0.0000000000 0.0000000000 0.0000000000 0.0001999800 0.0006999300 0.0019998000 0.0044995500 0.0085991401 0.0143985601 0.0215978402 0.0295970403 0.0376962304 0.0450954905 0.0512948705 0.0556944306 0.7286271373
0.0000000000 0.0000000000 0.0000000000 0.0000000000 0.0000000000 0.0000000000 0.0000000000 0.0001000000 0.0003000000 0.0011000000 0.0029000000 0.0062000000 0.0115000000 0.0186000000 0.0269000000 0.0358000000 0.0442000000 0.0515000000 0.0570000000 0.0604000000 0.6835000000
0.0000000000 0.0000000000 0.0000000000 0.0000000000 0.0000000000 0.0000000000 0.0000000000 0.0001000200 0.0005001000 0.0017003401 0.0043008602 0.0089017804 0.0157031406 0.0243048610 0.0339067814 0.0435087017 0.0520104021 0.0586117223 0.0629125825 0.0648129626 0.6287257451
0.0000000000 0.0000000000 0.0000000000 0.0000000000 0.0000000000 0.0000000000 0.0000000000 0.0002000000 0.0009000000 0.0028000000 0.0066000000 0.0129000000 0.0216000000 0.0320000000 0.0427000000 0.0526000000 0.0605000000 0.0659000000 0.0684000000 0.0683000000 0.5646000000
0.0000000000 0.0000000000 0.0000000000 0.0000000000 0.0000000000 0.0000000000 0.0000999800 0.0003999200 0.0015996801 0.0044991002 0.0101979604 0.0186962607 0.0296940612 0.0416916617 0.0530893821 0.0625874825 0.0691861628 0.0724855029 0.0725854829 0.0699860028 0.4932013597
0.0000000000 0.0000000000 0.0000000000 0.0000000000 0.0000000000 0.0000000000 0.0001000100 0.0007000700 0.0028002800 0.0074007401 0.0155015502 0.0268026803 0.0401040104 0.0533053305 0.0647064706 0.0727072707 0.0770077008 0.0774077408 0.0746074607 0.0694069407 0.4174417442
0.0000000000 0.0000000000 0.0000000000 0.0000000000 0.0000000000 0.0000000000 0.0002999700 0.0013998600 0.0048995100 0.0119988001 0.0232976702 0.0376962304 0.0528947105 0.0664933507 0.0764923508 0.0818918108 0.0827917208 0.0796920308 0.0737926207 0.0659934007 0.3403659634
</ProbTable>
</Entry>
<Entry>
<Instance>a3 - -</Instance>
<ProbTable>1.0000000000 0.0000000000 0.0000000000 0.0000000000 0.0000000000 0.0000000000 0.0000000000 0.0000000000 0.0000000000 0.0000000000 0.0000000000 0.0000000000 0.0000000000 0.0000000000 0.0000000000 0.0000000000 0.0000000000 0.0000000000 0.0000000000 0.0000000000 0.0000000000
1.0000000000 0.0000000000 0.0000000000 0.0000000000 0.0000000000 0.0000000000 0.0000000000 0.0000000000 0.0000000000 0.0000000000 0.0000000000 0.0000000000 0.0000000000 0.0000000000 0.0000000000 0.0000000000 0.0000000000 0.0000000000 0.0000000000 0.0000000000 0.0000000000
1.0000000000 0.0000000000 0.0000000000 0.0000000000 0.0000000000 0.0000000000 0.0000000000 0.0000000000 0.0000000000 0.0000000000 0.0000000000 0.0000000000 0.0000000000 0.0000000000 0.0000000000 0.0000000000 0.0000000000 0.0000000000 0.0000000000 0.0000000000 0.0000000000
0.0000000000 0.0000000000 0.0001000000 0.0095000000 0.0728000000 0.1731000000 0.2216000000 0.1974000000 0.1405000000 0.0865000000 0.0484000000 0.0254000000 0.0128000000 0.0062000000 0.0030000000 0.0014000000 0.0007000000 0.0003000000 0.0001000000 0.0001000000 0.0001000000
0.0000000000 0.0000000000 0.0000000000 0.0000000000 0.0002000200 0.0027002700 0.0131013101 0.0358035804 0.0673067307 0.0975097510 0.1174117412 0.1232123212 0.1167116712 0.1020102010 0.0839083908 0.0658065807 0.0496049605 0.0363036304 0.0259025903 0.0182018202 0.0443044304
0.0000000000 0.0000000000 0.0000000000 0.0000000000 0.0000000000 0.0001000100 0.0006000600 0.0029002900 0.0091009101 0.0202020202 0.0359035904 0.0535053505 0.0698069807 0.0819081908 0.0884088409 0.0893089309 0.0855085509 0.0782078208 0.0689068907 0.0589058906 0.2567256726
0.0000000000 0.0000000000 0.0000000000 0.0000000000 0.0000000000 0.0000000000 0.0000999900 0.0003999600 0.0015998400 0.0045995400 0.0103989601 0.0190980902 0.0300969903 0.0421957804 0.0535946405 0.0630936906 0.0695930407 0.0726927307 0.0726927307 0.0700929907 0.4897510249
0.0000000000 0.0000000000 0.0000000000 0.0000000000 0.0000000000 0.0000000000 0.0000000000 0.0001000000 0.0004000000 0.0015000000 0.0038000000 0.0081000000 0.0144000000 0.0225000000 0.0318000000 0.0411000000 0.0497000000 0.0565000000 0.0613000000 0.0636000000 0.6452000000
0.0000000000 0.0000000000 0.0000000000 0.0000000000 0.0000000000 0.0000000000 0.0000000000 0.0000000000 0.0001999800 0.0006999300 0.0018998100 0.0042995700 0.0082991701 0.0138986101 0.0209979002 0.0288971103 0.0368963104 0.0442955704 0.0504949505 0.0550944906 0.7340265973
0.0000000000 0.0000000000 0.0000000000 0.0000000000 0.0000000000 0.0000000000 0.0000000000 0.0000000000 0.0001000000 0.0004000000 0.0012000000 0.0028000000 0.0057000000 0.0101000000 0.0158000000 0.0226000000 0.0299000000 0.0371000000 0.0436000000 0.0490000000 0.7817000000
0.0000000000 0.0000000000 0.0000000000 0.0000000000 0.0000000000 0.0000000000 0.0000000000 0.0000000000 0.0001000000 0.0003000000 0.0009000000 0.0023000000 0.0047000000 0.0084000000 0.0135000000 0.0197000000 0.0266000000 0.0335000000 0.0400000000 0.0456000000 0.8044000000
0.0000000000 0.0000000000 0.0000000000 0.0000000000 0.0000000000 0.0000000000 0.0000000000 0.0000000000 0.0000999900 0.0002999700 0.0008999100 0.0020997900 0.0043995600 0.0079992001 0.0128987101 0.0188981102 0.0255974403 0.0324967503 0.0389961004 0.0445955404 0.8107189281
0.0000000000 0.0000000000 0.0000000000 0.0000000000 0.0000000000 0.0000000000 0.0000000000 0.0000000000 0.0000999900 0.0002999700 0.0008999100 0.0021997800 0.0046995300 0.0083991601 0.0133986601 0.0195980402 0.0263973603 0.0333966603 0.0398960104 0.0454954505 0.8052194781
0.0000000000 0.0000000000 0.0000000000 0.0000000000 0.0000000000 0.0000000000 0.0000000000 0.0000000000 0.0000999900 0.0003999600 0.0010998900 0.0025997400 0.0053994601 0.0094990501 0.0149985001 0.0215978402 0.0287971203 0.0358964104 0.0423957604 0.0477952205 0.7894210579
0.0000000000 0.0000000000 0.0000000000 0.0000000000 0.0000000000 0.0000000000 0.0000000000 0.0000000000 0.0001000000 0.0005000000 0.0014000000 0.0033000000 0.0066000000 0.0114000000 0.0177000000 0.0249000000 0.0325000000 0.0399000000 0.0463000000 0.0514000000 0.7640000000
0.0000000000 0.0000000000 0.0000000000 0.0000000000 0.0000000000 0.0000000000 0.0000000000 0.0000000000 0.0001999800 0.0006999300 0.0019998000 0.0044995500 0.0085991401 0.0143985601 0.0215978402 0.0295970403 0.0376962304 0.0450954905 0.0512948705 0.0556944306 0.7286271373
0.0000000000 0.0000000000 0.0000000000 0.0000000000 0.0000000000 0.0000000000 0.0000000000 0.0001000000 0.0003000000 0.0011000000 0.0029000000 0.0062000000 0.0115000000 0.0186000000 0.0269000000 0.0358000000 0.0442000000 0.0515000000 0.0570000000 0.0604000000 0.6835000000
0.0000000000 0.0000000000 0.0000000000 0.0000000000 0.0000000000 0.0000000000 0.0000000000 0.0001000200 0.0005001000 0.0017003401 0.0043008602 0.0089017804 0.0157031406 0.0243048610 0.0339067814 0.0435087017 0.0520104021 0.0586117223 0.0629125825 0.0648129626 0.6287257451
0.0000000000 0.0000000000 0.0000000000 0.0000000000 0.0000000000 0.0000000000 0.0000000000 0.0002000000 0.0009000000 0.0028000000 0.0066000000 0.0129000000 0.0216000000 0.0320000000 0.0427000000 0.0526000000 0.0605000000 0.0659000000 0.0684000000 0.0683000000 0.5646000000
0.0000000000 0.0000000000 0.0000000000 0.0000000000 0.0000000000 0.0000000000 0.0000999800 0.0003999200 0.0015996801 0.0044991002 0.0101979604 0.0186962607 0.0296940612 0.0416916617 0.0530893821 0.0625874825 0.0691861628 0.0724855029 0.0725854829 0.0699860028 0.4932013597
0.0000000000 0.0000000000 0.0000000000 0.0000000000 0.0000000000 0.0000000000 0.0001000100 0.0007000700 0.0028002800 0.0074007401 0.0155015502 0.0268026803 0.0401040104 0.0533053305 0.0647064706 0.0727072707 0.0770077008 0.0774077408 0.0746074607 0.0694069407 0.4174417442
</ProbTable>
</Entry>
<Entry>
<Instance>a4 - -</Instance>
<ProbTable>1.0000000000 0.0000000000 0.0000000000 0.0000000000 0.0000000000 0.0000000000 0.0000000000 0.0000000000 0.0000000000 0.0000000000 0.0000000000 0.0000000000 0.0000000000 0.0000000000 0.0000000000 0.0000000000 0.0000000000 0.0000000000 0.0000000000 0.0000000000 0.0000000000
1.0000000000 0.0000000000 0.0000000000 0.0000000000 0.0000000000 0.0000000000 0.0000000000 0.0000000000 0.0000000000 0.0000000000 0.0000000000 0.0000000000 0.0000000000 0.0000000000 0.0000000000 0.0000000000 0.0000000000 0.0000000000 0.0000000000 0.0000000000 0.0000000000
1.0000000000 0.0000000000 0.0000000000 0.0000000000 0.0000000000 0.0000000000 0.0000000000 0.0000000000 0.0000000000 0.0000000000 0.0000000000 0.0000000000 0.0000000000 0.0000000000 0.0000000000 0.0000000000 0.0000000000 0.0000000000 0.0000000000 0.0000000000 0.0000000000
1.0000000000 0.0000000000 0.0000000000 0.0000000000 0.0000000000 0.0000000000 0.0000000000 0.0000000000 0.0000000000 0.0000000000 0.0000000000 0.0000000000 0.0000000000 0.0000000000 0.0000000000 0.0000000000 0.0000000000 0.0000000000 0.0000000000 0.0000000000 0.0000000000
0.0000000000 0.0000000000 0.0001000000 0.0095000000 0.0728000000 0.1731000000 0.2216000000 0.1974000000 0.1405000000 0.0865000000 0.0484000000 0.0254000000 0.0128000000 0.0062000000 0.0030000000 0.0014000000 0.0007000000 0.0003000000 0.0001000000 0.0001000000 0.0001000000
0.0000000000 0.0000000000 0.0000000000 0.0000000000 0.0002000200 0.0027002700 0.0131013101 0.0358035804 0.0673067307 0.0975097510 0.1174117412 0.1232123212 0.1167116712 0.1020102010 0.0839083908 0.0658065807 0.0496049605 0.0363036304 0.0259025903 0.0182018202 0.0443044304
0.0000000000 0.0000000000 0.0000000000 0.0000000000 0.0000000000 0.0001000100 0.0006000600 0.0029002900 0.0091009101 0.0202020202 0.0359035904 0.0535053505 0.0698069807 0.0819081908 0.0884088409 0.0893089309 0.0855085509 0.0782078208 0.0689068907 0.0589058906 0.2567256726
0.0000000000 0.0000000000 0.0000000000 0.0000000000 0.0000000000 0.0000000000 0.0000999900 0.0003999600 0.0015998400 0.0045995400 0.0103989601 0.0190980902 0.0300969903 0.0421957804 0.0535946405 0.0630936906 0.0695930407 0.0726927307 0.0726927307 0.0700929907 0.4897510249
0.0000000000 0.0000000000 0.0000000000 0.0000000000 0.0000000000 0.0000000000 0.0000000000 0.0001000000 0.0004000000 0.0015000000 0.0038000000 0.0081000000 0.0144000000 0.0225000000 0.0318000000 0.0411000000 0.0497000000 0.0565000000 0.0613000000 0.0636000000 0.6452000000
0.0000000000 0.0000000000 0.0000000000 0.0000000000 0.0000000000 0.0000000000 0.0000000000 0.0000000000 0.0001999800 0.0006999300 0.0018998100 0.0042995700 0.0082991701 0.0138986101 0.0209979002 0.0288971103 0.0368963104 0.0442955704 0.0504949505 0.0550944906 0.7340265973
0.0000000000 0.0000000000 0.0000000000 0.0000000000 0.0000000000 0.0000000000 0.0000000000 0.0000000000 0.0001000000 0.0004000000 0.0012000000 0.0028000000 0.0057000000 0.0101000000 0.0158000000 0.0226000000 0.0299000000 0.0371000000 0.0436000000 0.0490000000 0.7817000000
0.0000000000 0.0000000000 0.0000000000 0.0000000000 0.0000000000 0.0000000000 0.0000000000 0.0000000000 0.0001000000 0.0003000000 0.0009000000 0.0023000000 0.0047000000 0.0084000000 0.0135000000 0.0197000000 0.0266000000 0.0335000000 0.0400000000 0.0456000000 0.8044000000
0.0000000000 0.0000000000 0.0000000000 0.0000000000 0.0000000000 0.0000000000 0.0000000000 0.0000000000 0.0000999900 0.0002999700 0.0008999100 0.0020997900 0.0043995600 0.0079992001 0.0128987101 0.0188981102 0.0255974403 0.0324967503 0.0389961004 0.0445955404 0.8107189281
0.0000000000 0.0000000000 0.0000000000 0.0000000000 0.0000000000 0.0000000000 0.0000000000 0.0000000000 0.0000999900 0.0002999700 0.0008999100 0.0021997800 0.0046995300 0.0083991601 0.0133986601 0.0195980402 0.0263973603 0.0333966603 0.0398960104 0.0454954505 0.8052194781
0.0000000000 0.0000000000 0.0000000000 0.0000000000 0.0000000000 0.0000000000 0.0000000000 0.0000000000 0.0000999900 0.0003999600 0.0010998900 0.0025997400 0.0053994601 0.0094990501 0.0149985001 0.0215978402 0.0287971203 0.0358964104 0.0423957604 0.0477952205 0.7894210579
0.0000000000 0.0000000000 0.0000000000 0.0000000000 0.0000000000 0.0000000000 0.0000000000 0.0000000000 0.0001000000 0.0005000000 0.0014000000 0.0033000000 0.0066000000 0.0114000000 0.0177000000 0.0249000000 0.0325000000 0.0399000000 0.0463000000 0.0514000000 0.7640000000
0.0000000000 0.0000000000 0.0000000000 0.0000000000 0.0000000000 0.0000000000 0.0000000000 0.0000000000 0.0001999800 0.0006999300 0.0019998000 0.0044995500 0.0085991401 0.0143985601 0.0215978402 0.0295970403 0.0376962304 0.0450954905 0.0512948705 0.0556944306 0.7286271373
0.0000000000 0.0000000000 0.0000000000 0.0000000000 0.0000000000 0.0000000000 0.0000000000 0.0001000000 0.0003000000 0.0011000000 0.0029000000 0.0062000000 0.0115000000 0.0186000000 0.0269000000 0.0358000000 0.0442000000 0.0515000000 0.0570000000 0.0604000000 0.6835000000
0.0000000000 0.0000000000 0.0000000000 0.0000000000 0.0000000000 0.0000000000 0.0000000000 0.0001000200 0.0005001000 0.0017003401 0.0043008602 0.0089017804 0.0157031406 0.0243048610 0.0339067814 0.0435087017 0.0520104021 0.0586117223 0.0629125825 0.0648129626 0.6287257451
0.0000000000 0.0000000000 0.0000000000 0.0000000000 0.0000000000 0.0000000000 0.0000000000 0.0002000000 0.0009000000 0.0028000000 0.0066000000 0.0129000000 0.0216000000 0.0320000000 0.0427000000 0.0526000000 0.0605000000 0.0659000000 0.0684000000 0.0683000000 0.5646000000
0.0000000000 0.0000000000 0.0000000000 0.0000000000 0.0000000000 0.0000000000 0.0000999800 0.0003999200 0.0015996801 0.0044991002 0.0101979604 0.0186962607 0.0296940612 0.0416916617 0.0530893821 0.0625874825 0.0691861628 0.0724855029 0.0725854829 0.0699860028 0.4932013597
</ProbTable>
</Entry>
<Entry>
<Instance>a5 - -</Instance>
<ProbTable>1.0000000000 0.0000000000 0.0000000000 0.0000000000 0.0000000000 0.0000000000 0.0000000000 0.0000000000 0.0000000000 0.0000000000 0.0000000000 0.0000000000 0.0000000000 0.0000000000 0.0000000000 0.0000000000 0.0000000000 0.0000000000 0.0000000000 0.0000000000 0.0000000000
1.0000000000 0.0000000000 0.0000000000 0.0000000000 0.0000000000 0.0000000000 0.0000000000 0.0000000000 0.0000000000 0.0000000000 0.0000000000 0.0000000000 0.0000000000 0.0000000000 0.0000000000 0.0000000000 0.0000000000 0.0000000000 0.0000000000 0.0000000000 0.0000000000
1.0000000000 0.0000000000 0.0000000000 0.0000000000 0.0000000000 0.0000000000 0.0000000000 0.0000000000 0.0000000000 0.0000000000 0.0000000000 0.0000000000 0.0000000000 0.0000000000 0.0000000000 0.0000000000 0.0000000000 0.0000000000 0.0000000000 0.0000000000 0.0000000000
1.0000000000 0.0000000000 0.0000000000 0.0000000000 0.0000000000 0.0000000000 0.0000000000 0.0000000000 0.0000000000 0.0000000000 0.0000000000 0.0000000000 0.0000000000 0.0000000000 0.0000000000 0.0000000000 0.0000000000 0.0000000000 0.0000000000 0.0000000000 0.0000000000
1.0000000000 0.0000000000 0.0000000000 0.0000000000 0.0000000000 0.0000000000 0.0000000000 0.0000000000 0.0000000000 0.0000000000 0.0000000000 0.0000000000 0.0000000000 0.0000000000 0.0000000000 0.0000000000 0.0000000000 0.0000000000 0.0000000000 0.0000000000 0.0000000000
0.0000000000 0.0000000000 0.0001000000 0.0095000000 0.0728000000 0.1731000000 0.2216000000 0.1974000000 0.1405000000 0.0865000000 0.0484000000 0.0254000000 0.0128000000 0.0062000000 0.0030000000 0.0014000000 0.0007000000 0.0003000000 0.0001000000 0.0001000000 0.0001000000
0.0000000000 0.0000000000 0.0000000000 0.0000000000 0.0002000200 0.0027002700 0.0131013101 0.0358035804 0.0673067307 0.0975097510 0.1174117412 0.1232123212 0.1167116712 0.1020102010 0.0839083908 0.0658065807 0.0496049605 0.0363036304 0.0259025903 0.0182018202 0.0443044304
0.0000000000 0.0000000000 0.0000000000 0.0000000000 0.0000000000 0.0001000100 0.0006000600 0.0029002900 0.0091009101 0.0202020202 0.0359035904 0.0535053505 0.0698069807 0.0819081908 0.0884088409 0.0893089309 0.0855085509 0.0782078208 0.0689068907 0.0589058906 0.2567256726
0.0000000000 0.0000000000 0.0000000000 0.0000000000 0.0000000000 0.0000000000 0.0000999900 0.0003999600 0.0015998400 0.0045995400 0.0103989601 0.0190980902 0.0300969903 0.0421957804 0.0535946405 0.0630936906 0.0695930407 0.0726927307 0.0726927307 0.0700929907 0.4897510249
0.0000000000 0.0000000000 0.0000000000 0.0000000000 0.0000000000 0.0000000000 0.0000000000 0.0001000000 0.0004000000 0.0015000000 0.0038000000 0.0081000000 0.0144000000 0.0225000000 0.0318000000 0.0411000000 0.0497000000 0.0565000000 0.0613000000 0.0636000000 0.6452000000
0.0000000000 0.0000000000 0.0000000000 0.0000000000 0.0000000000 0.0000000000 0.0000000000 0.0000000000 0.0001999800 0.0006999300 0.0018998100 0.0042995700 0.0082991701 0.0138986101 0.0209979002 0.0288971103 0.0368963104 0.0442955704 0.0504949505 0.0550944906 0.7340265973
0.0000000000 0.0000000000 0.0000000000 0.0000000000 0.0000000000 0.0000000000 0.0000000000 0.0000000000 0.0001000000 0.0004000000 0.0012000000 0.0028000000 0.0057000000 0.0101000000 0.0158000000 0.0226000000 0.0299000000 0.0371000000 0.0436000000 0.0490000000 0.7817000000
0.0000000000 0.0000000000 0.0000000000 0.0000000000 0.0000000000 0.0000000000 0.0000000000 0.0000000000 0.0001000000 0.0003000000 0.0009000000 0.0023000000 0.0047000000 0.0084000000 0.0135000000 0.0197000000 0.0266000000 0.0335000000 0.0400000000 0.0456000000 0.8044000000
0.0000000000 0.0000000000 0.0000000000 0.0000000000 0.0000000000 0.0000000000 0.0000000000 0.0000000000 0.0000999900 0.0002999700 0.0008999100 0.0020997900 0.0043995600 0.0079992001 0.0128987101 0.0188981102 0.0255974403 0.0324967503 0.0389961004 0.0445955404 0.8107189281
0.0000000000 0.0000000000 0.0000000000 0.0000000000 0.0000000000 0.0000000000 0.0000000000 0.0000000000 0.0000999900 0.0002999700 0.0008999100 0.0021997800 0.0046995300 0.0083991601 0.0133986601 0.0195980402 0.0263973603 0.0333966603 0.0398960104 0.0454954505 0.8052194781
0.0000000000 0.0000000000 0.0000000000 0.0000000000 0.0000000000 0.0000000000 0.0000000000 0.0000000000 0.0000999900 0.0003999600 0.0010998900 0.0025997400 0.0053994601 0.0094990501 0.0149985001 0.0215978402 0.0287971203 0.0358964104 0.0423957604 0.0477952205 0.7894210579
0.0000000000 0.0000000000 0.0000000000 0.0000000000 0.0000000000 0.0000000000 0.0000000000 0.0000000000 0.0001000000 0.0005000000 0.0014000000 0.0033000000 0.0066000000 0.0114000000 0.0177000000 0.0249000000 0.0325000000 0.0399000000 0.0463000000 0.0514000000 0.7640000000
0.0000000000 0.0000000000 0.0000000000 0.0000000000 0.0000000000 0.0000000000 0.0000000000 0.0000000000 0.0001999800 0.0006999300 0.0019998000 0.0044995500 0.0085991401 0.0143985601 0.0215978402 0.0295970403 0.0376962304 0.0450954905 0.0512948705 0.0556944306 0.7286271373
0.0000000000 0.0000000000 0.0000000000 0.0000000000 0.0000000000 0.0000000000 0.0000000000 0.0001000000 0.0003000000 0.0011000000 0.0029000000 0.0062000000 0.0115000000 0.0186000000 0.0269000000 0.0358000000 0.0442000000 0.0515000000 0.0570000000 0.0604000000 0.6835000000
0.0000000000 0.0000000000 0.0000000000 0.0000000000 0.0000000000 0.0000000000 0.0000000000 0.0001000200 0.0005001000 0.0017003401 0.0043008602 0.0089017804 0.0157031406 0.0243048610 0.0339067814 0.0435087017 0.0520104021 0.0586117223 0.0629125825 0.0648129626 0.6287257451
0.0000000000 0.0000000000 0.0000000000 0.0000000000 0.0000000000 0.0000000000 0.0000000000 0.0002000000 0.0009000000 0.0028000000 0.0066000000 0.0129000000 0.0216000000 0.0320000000 0.0427000000 0.0526000000 0.0605000000 0.0659000000 0.0684000000 0.0683000000 0.5646000000
</ProbTable>
</Entry>
<Entry>
<Instance>a6 - -</Instance>
<ProbTable>1.0000000000 0.0000000000 0.0000000000 0.0000000000 0.0000000000 0.0000000000 0.0000000000 0.0000000000 0.0000000000 0.0000000000 0.0000000000 0.0000000000 0.0000000000 0.0000000000 0.0000000000 0.0000000000 0.0000000000 0.0000000000 0.0000000000 0.0000000000 0.0000000000
1.0000000000 0.0000000000 0.0000000000 0.0000000000 0.0000000000 0.0000000000 0.0000000000 0.0000000000 0.0000000000 0.0000000000 0.0000000000 0.0000000000 0.0000000000 0.0000000000 0.0000000000 0.0000000000 0.0000000000 0.0000000000 0.0000000000 0.0000000000 0.0000000000
1.0000000000 0.0000000000 0.0000000000 0.0000000000 0.0000000000 0.0000000000 0.0000000000 0.0000000000 0.0000000000 0.0000000000 0.0000000000 0.0000000000 0.0000000000 0.0000000000 0.0000000000 0.0000000000 0.0000000000 0.0000000000 0.0000000000 0.0000000000 0.0000000000
1.0000000000 0.0000000000 0.0000000000 0.0000000000 0.0000000000 0.0000000000 0.0000000000 0.0000000000 0.0000000000 0.0000000000 0.0000000000 0.0000000000 0.0000000000 0.0000000000 0.0000000000 0.0000000000 0.0000000000 0.0000000000 0.0000000000 0.0000000000 0.0000000000
1.0000000000 0.0000000000 0.0000000000 0.0000000000 0.0000000000 0.0000000000 0.0000000000 0.0000000000 0.0000000000 0.0000000000 0.0000000000 0.0000000000 0.0000000000 0.0000000000 0.0000000000 0.0000000000 0.0000000000 0.0000000000 0.0000000000 0.0000000000 0.0000000000
1.0000000000 0.0000000000 0.0000000000 0.0000000000 0.0000000000 0.0000000000 0.0000000000 0.0000000000 0.0000000000 0.0000000000 0.0000000000 0.0000000000 0.0000000000 0.0000000000 0.0000000000 0.0000000000 0.0000000000 0.0000000000 0.0000000000 0.0000000000 0.0000000000
0.0000000000 0.0000000000 0.0001000000 0.0095000000 0.0728000000 0.1731000000 0.2216000000 0.1974000000 0.1405000000 0.0865000000 0.0484000000 0.0254000000 0.0128000000 0.0062000000 0.0030000000 0.0014000000 0.0007000000 0.0003000000 0.0001000000 0.0001000000 0.0001000000
0.0000000000 0.0000000000 0.0000000000 0.0000000000 0.0002000200 0.0027002700 0.0131013101 0.0358035804 0.0673067307 0.0975097510 0.1174117412 0.1232123212 0.1167116712 0.1020102010 0.0839083908 0.0658065807 0.0496049605 0.0363036304 0.0259025903 0.0182018202 0.0443044304
0.0000000000 0.0000000000 0.0000000000 0.0000000000 0.0000000000 0.0001000100 0.0006000600 0.0029002900 0.0091009101 0.0202020202 0.0359035904 0.0535053505 0.0698069807 0.0819081908 0.0884088409 0.0893089309 0.0855085509 0.0782078208 0.0689068907 0.0589058906 0.2567256726
0.0000000000 0.0000000000 0.0000000000 0.0000000000 0.0000000000 0.0000000000 0.0000999900 0.0003999600 0.0015998400 0.0045995400 0.0103989601 0.0190980902 0.0300969903 0.0421957804 0.0535946405 0.0630936906 0.0695930407 0.0726927307 0.0726927307 0.0700929907 0.4897510249
0.0000000000 0.0000000000 0.0000000000 0.0000000000 0.0000000000 0.0000000000 0.0000000000 0.0001000000 0.0004000000 0.0015000000 0.0038000000 0.0081000000 0.0144000000 0.0225000000 0.0318000000 0.0411000000 0.0497000000 0.0565000000 0.0613000000 0.0636000000 0.6452000000
0.0000000000 0.0000000000 0.0000000000 0.0000000000 0.0000000000 0.0000000000 0.0000000000 0.0000000000 0.0001999800 0.0006999300 0.0018998100 0.0042995700 0.0082991701 0.0138986101 0.0209979002 0.0288971103 0.0368963104 0.0442955704 0.0504949505 0.0550944906 0.7340265973
0.0000000000 0.0000000000 0.0000000000 0.0000000000 0.0000000000 0.0000000000 0.0000000000 0.0000000000 0.0001000000 0.0004000000 0.0012000000 0.0028000000 0.0057000000 0.0101000000 0.0158000000 0.0226000000 0.0299000000 0.0371000000 0.0436000000 0.0490000000 0.7817000000
0.0000000000 0.0000000000 0.0000000000 0.0000000000 0.0000000000 0.0000000000 0.0000000000 0.0000000000 0.0001000000 0.0003000000 0.0009000000 0.0023000000 0.0047000000 0.0084000000 0.0135000000 0.0197000000 0.0266000000 0.0335000000 0.0400000000 0.0456000000 0.8044000000
0.0000000000 0.0000000000 0.0000000000 0.0000000000 0.0000000000 0.0000000000 0.0000000000 0.0000000000 0.0000999900 0.0002999700 0.0008999100 0.0020997900 0.0043995600 0.0079992001 0.0128987101 0.0188981102 0.0255974403 0.0324967503 0.0389961004 0.0445955404 0.8107189281
0.0000000000 0.0000000000 0.0000000000 0.0000000000 0.0000000000 0.0000000000 0.0000000000 0.0000000000 0.0000999900 0.0002999700 0.0008999100 0.0021997800 0.0046995300 0.0083991601 0.0133986601 0.0195980402 0.0263973603 0.0333966603 0.0398960104 0.0454954505 0.8052194781
0.0000000000 0.0000000000 0.0000000000 0.0000000000 0.0000000000 0.0000000000 0.0000000000 0.0000000000 0.0000999900 0.0003999600 0.0010998900 0.0025997400 0.0053994601 0.0094990501 0.0149985001 0.0215978402 0.0287971203 0.0358964104 0.0423957604 0.0477952205 0.7894210579
0.0000000000 0.0000000000 0.0000000000 0.0000000000 0.0000000000 0.0000000000 0.0000000000 0.0000000000 0.0001000000 0.0005000000 0.0014000000 0.0033000000 0.0066000000 0.0114000000 0.0177000000 0.0249000000 0.0325000000 0.0399000000 0.0463000000 0.0514000000 0.7640000000
0.0000000000 0.0000000000 0.0000000000 0.0000000000 0.0000000000 0.0000000000 0.0000000000 0.0000000000 0.0001999800 0.0006999300 0.0019998000 0.0044995500 0.0085991401 0.0143985601 0.0215978402 0.0295970403 0.0376962304 0.0450954905 0.0512948705 0.0556944306 0.7286271373
0.0000000000 0.0000000000 0.0000000000 0.0000000000 0.0000000000 0.0000000000 0.0000000000 0.0001000000 0.0003000000 0.0011000000 0.0029000000 0.0062000000 0.0115000000 0.0186000000 0.0269000000 0.0358000000 0.0442000000 0.0515000000 0.0570000000 0.0604000000 0.6835000000
0.0000000000 0.0000000000 0.0000000000 0.0000000000 0.0000000000 0.0000000000 0.0000000000 0.0001000200 0.0005001000 0.0017003401 0.0043008602 0.0089017804 0.0157031406 0.0243048610 0.0339067814 0.0435087017 0.0520104021 0.0586117223 0.0629125825 0.0648129626 0.6287257451
</ProbTable>
</Entry>
<Entry>
<Instance>a7 - -</Instance>
<ProbTable>1.0000000000 0.0000000000 0.0000000000 0.0000000000 0.0000000000 0.0000000000 0.0000000000 0.0000000000 0.0000000000 0.0000000000 0.0000000000 0.0000000000 0.0000000000 0.0000000000 0.0000000000 0.0000000000 0.0000000000 0.0000000000 0.0000000000 0.0000000000 0.0000000000
1.0000000000 0.0000000000 0.0000000000 0.0000000000 0.0000000000 0.0000000000 0.0000000000 0.0000000000 0.0000000000 0.0000000000 0.0000000000 0.0000000000 0.0000000000 0.0000000000 0.0000000000 0.0000000000 0.0000000000 0.0000000000 0.0000000000 0.0000000000 0.0000000000
1.0000000000 0.0000000000 0.0000000000 0.0000000000 0.0000000000 0.0000000000 0.0000000000 0.0000000000 0.0000000000 0.0000000000 0.0000000000 0.0000000000 0.0000000000 0.0000000000 0.0000000000 0.0000000000 0.0000000000 0.0000000000 0.0000000000 0.0000000000 0.0000000000
1.0000000000 0.0000000000 0.0000000000 0.0000000000 0.0000000000 0.0000000000 0.0000000000 0.0000000000 0.0000000000 0.0000000000 0.0000000000 0.0000000000 0.0000000000 0.0000000000 0.0000000000 0.0000000000 0.0000000000 0.0000000000 0.0000000000 0.0000000000 0.0000000000
1.0000000000 0.0000000000 0.0000000000 0.0000000000 0.0000000000 0.0000000000 0.0000000000 0.0000000000 0.0000000000 0.0000000000 0.0000000000 0.0000000000 0.0000000000 0.0000000000 0.0000000000 0.0000000000 0.0000000000 0.0000000000 0.0000000000 0.0000000000 0.0000000000
1.0000000000 0.0000000000 0.0000000000 0.0000000000 0.0000000000 0.0000000000 0.0000000000 0.0000000000 0.0000000000 0.0000000000 0.0000000000 0.0000000000 0.0000000000 0.0000000000 0.0000000000 0.0000000000 0.0000000000 0.0000000000 0.0000000000 0.0000000000 0.0000000000
1.0000000000 0.0000000000 0.0000000000 0.0000000000 0.0000000000 0.0000000000 0.0000000000 0.0000000000 0.0000000000 0.0000000000 0.0000000000 0.0000000000 0.0000000000 0.0000000000 0.0000000000 0.0000000000 0.0000000000 0.0000000000 0.0000000000 0.0000000000 0.0000000000
0.0000000000 0.0000000000 0.0001000000 0.0095000000 0.0728000000 0.1731000000 0.2216000000 0.1974000000 0.1405000000 0.0865000000 0.0484000000 0.0254000000 0.0128000000 0.0062000000 0.0030000000 0.0014000000 0.0007000000 0.0003000000 0.0001000000 0.0001000000 0.0001000000
0.0000000000 0.0000000000 0.0000000000 0.0000000000 0.0002000200 0.0027002700 0.0131013101 0.0358035804 0.0673067307 0.0975097510 0.1174117412 0.1232123212 0.1167116712 0.1020102010 0.0839083908 0.0658065807 0.0496049605 0.0363036304 0.0259025903 0.0182018202 0.0443044304
0.0000000000 0.0000000000 0.0000000000 0.0000000000 0.0000000000 0.0001000100 0.0006000600 0.0029002900 0.0091009101 0.0202020202 0.0359035904 0.0535053505 0.0698069807 0.0819081908 0.0884088409 0.0893089309 0.0855085509 0.0782078208 0.0689068907 0.0589058906 0.2567256726
0.0000000000 0.0000000000 0.0000000000 0.0000000000 0.0000000000 0.0000000000 0.0000999900 0.0003999600 0.0015998400 0.0045995400 0.0103989601 0.0190980902 0.0300969903 0.0421957804 0.0535946405 0.0630936906 0.0695930407 0.0726927307 0.0726927307 0.0700929907 0.4897510249
0.0000000000 0.0000000000 0.0000000000 0.0000000000 0.0000000000 0.0000000000 0.0000000000 0.0001000000 0.0004000000 0.0015000000 0.0038000000 0.0081000000 0.0144000000 0.0225000000 0.0318000000 0.0411000000 0.0497000000 0.0565000000 0.0613000000 0.0636000000 0.6452000000
0.0000000000 0.0000000000 0.0000000000 0.0000000000 0.0000000000 0.0000000000 0.0000000000 0.0000000000 0.0001999800 0.0006999300 0.0018998100 0.0042995700 0.0082991701 0.0138986101 0.0209979002 0.0288971103 0.0368963104 0.0442955704 0.0504949505 0.0550944906 0.7340265973
