<?xml version="1.0" encoding="ISO-8859-1"?>

<pomdpx version ="1.0" id="sample" xmlns:xsi="http://www.w3.org/2001/XMLSchema-instance"
      xsi:noNamespaceSchemaLocation="/Users/Milad/Documents/appl-0.96/doc/POMDPX/pomdpx.xsd">

<Description>POMDP model</Description>

<Discount>0.95</Discount>

<Variable>

<StateVar vnamePrev="ps_0" vnameCurr="ps_1" fullyObs="false">
<ValueEnum>a1 a2 a3 a4 a5 a6 a7 a8 a9 a10 a11 a12 a13 a14 a15 a16 a17 a18 a19 a20 a21</ValueEnum>
</StateVar>

<ObsVar vname="measurements">
<NumValues>21</NumValues>
</ObsVar>

<ActionVar vname="action_control">
<ValueEnum>a1 a2 a3 a4 a5 a6 a7 a8 a9 a10 a11 a12 a13 a14 a15 a16 a17 a18 a19 a20 a21</ValueEnum>
</ActionVar>

<RewardVar vname="reward_agent" />
</Variable>

<InitialStateBelief>
<CondProb>
<Var>ps_0</Var>
<Parent>null</Parent>
<Parameter type = "TBL">
<Entry>
<Instance>-</Instance>
<ProbTable>0.0476190476190476 0.0476190476190476 0.0476190476190476 0.0476190476190476 0.0476190476190476 0.0476190476190476 0.0476190476190476 0.0476190476190476 0.0476190476190476 0.0476190476190476 0.0476190476190476 0.0476190476190476 0.0476190476190476 0.0476190476190476 0.0476190476190476 0.0476190476190476 0.0476190476190476 0.0476190476190476 0.0476190476190476 0.0476190476190476 0.0476190476190476</ProbTable>
</Entry>
</Parameter>
</CondProb>

</InitialStateBelief>

<StateTransitionFunction>

<CondProb>
<Var>ps_1</Var>
<Parent>action_control ps_0</Parent>
<Parameter type="TBL">
<Entry>
<Instance>a1 - -</Instance>
<ProbTable>1.0000000000 0.0000000000 0.0000000000 0.0000000000 0.0000000000 0.0000000000 0.0000000000 0.0000000000 0.0000000000 0.0000000000 0.0000000000 0.0000000000 0.0000000000 0.0000000000 0.0000000000 0.0000000000 0.0000000000 0.0000000000 0.0000000000 0.0000000000 0.0000000000
0.0000000000 0.0064006401 0.4933493349 0.3881388139 0.0942094209 0.0154015402 0.0022002200 0.0003000300 0.0000000000 0.0000000000 0.0000000000 0.0000000000 0.0000000000 0.0000000000 0.0000000000 0.0000000000 0.0000000000 0.0000000000 0.0000000000 0.0000000000 0.0000000000
0.0000000000 0.0000000000 0.0071992801 0.1313868613 0.2979702030 0.2758724128 0.1632836716 0.0757924208 0.0306969303 0.0114988501 0.0040995900 0.0013998600 0.0004999500 0.0001999800 0.0000999900 0.0000000000 0.0000000000 0.0000000000 0.0000000000 0.0000000000 0.0000000000
0.0000000000 0.0000000000 0.0000999900 0.0098990101 0.0748925107 0.1758824118 0.2227777222 0.1966803320 0.1389861014 0.0849915008 0.0472952705 0.0246975302 0.0122987701 0.0059994001 0.0028997100 0.0013998600 0.0005999400 0.0002999700 0.0000999900 0.0000999900 0.0000999900
0.0000000000 0.0000000000 0.0000000000 0.0008998200 0.0145970806 0.0624875025 0.1294741052 0.1733653269 0.1756648670 0.1477704459 0.1092781444 0.0737852430 0.0466906619 0.0281943611 0.0164967007 0.0093981204 0.0051989602 0.0028994201 0.0015996801 0.0008998200 0.0012997401
0.0000000000 0.0000000000 0.0000000000 0.0000999900 0.0032996700 0.0212978702 0.0623937606 0.1119888011 0.1460853915 0.1535846415 0.1386861314 0.1121887811 0.0836916308 0.0587941206 0.0394960504 0.0256974303 0.0161983802 0.0100989901 0.0061993801 0.0036996300 0.0064993501
0.0000000000 0.0000000000 0.0000000000 0.0000000000 0.0009000000 0.0081000000 0.0305000000 0.0677000000 0.1063000000 0.1316000000 0.1374000000 0.1269000000 0.1068000000 0.0839000000 0.0624000000 0.0446000000 0.0308000000 0.0208000000 0.0138000000 0.0090000000 0.0185000000
0.0000000000 0.0000000000 0.0000000000 0.0000000000 0.0003000600 0.0035007001 0.0161032206 0.0420084017 0.0758151630 0.1059211842 0.1234246849 0.1257251450 0.1158231646 0.0988197640 0.0794158832 0.0609121824 0.0450090018 0.0323064613 0.0227045409 0.0156031206 0.0366073215
0.0000000000 0.0000000000 0.0000000000 0.0000000000 0.0001000000 0.0018000000 0.0095000000 0.0278000000 0.0555000000 0.0850000000 0.1075000000 0.1179000000 0.1162000000 0.1055000000 0.0898000000 0.0726000000 0.0565000000 0.0425000000 0.0312000000 0.0224000000 0.0582000000
0.0000000000 0.0000000000 0.0000000000 0.0000000000 0.0001000000 0.0011000000 0.0061000000 0.0197000000 0.0426000000 0.0699000000 0.0939000000 0.1089000000 0.1128000000 0.1073000000 0.0953000000 0.0803000000 0.0648000000 0.0505000000 0.0383000000 0.0284000000 0.0800000000
0.0000000000 0.0000000000 0.0000000000 0.0000000000 0.0000000000 0.0007000700 0.0044004400 0.0151015102 0.0345034503 0.0595059506 0.0836083608 0.1009100910 0.1085108511 0.1067106711 0.0979097910 0.0849084908 0.0704070407 0.0563056306 0.0437043704 0.0332033203 0.0996099610
0.0000000000 0.0000000000 0.0000000000 0.0000000000 0.0000000000 0.0005000000 0.0035000000 0.0124000000 0.0295000000 0.0527000000 0.0764000000 0.0948000000 0.1047000000 0.1054000000 0.0988000000 0.0875000000 0.0740000000 0.0602000000 0.0476000000 0.0367000000 0.1153000000
0.0000000000 0.0000000000 0.0000000000 0.0000000000 0.0000000000 0.0004000400 0.0029002900 0.0109010901 0.0265026503 0.0484048405 0.0717071707 0.0907090709 0.1018101810 0.1042104210 0.0991099110 0.0889088909 0.0761076108 0.0627062706 0.0501050105 0.0390039004 0.1265126513
0.0000000000 0.0000000000 0.0000000000 0.0000000000 0.0000000000 0.0004000400 0.0027002700 0.0101010101 0.0250025003 0.0462046205 0.0691069107 0.0884088409 0.1001100110 0.1033103310 0.0991099110 0.0895089509 0.0772077208 0.0640064006 0.0515051505 0.0403040304 0.1330133013
0.0000000000 0.0000000000 0.0000000000 0.0000000000 0.0000000000 0.0004000000 0.0026000000 0.0098000000 0.0245000000 0.0455000000 0.0684000000 0.0877000000 0.0996000000 0.1031000000 0.0990000000 0.0897000000 0.0775000000 0.0645000000 0.0519000000 0.0408000000 0.1350000000
0.0000000000 0.0000000000 0.0000000000 0.0000000000 0.0000000000 0.0003999600 0.0026997300 0.0100989901 0.0248975102 0.0460953905 0.0690930907 0.0882911709 0.1000899910 0.1032896710 0.0990900910 0.0895910409 0.0771922808 0.0640935906 0.0514948505 0.0403959604 0.1331866813
0.0000000000 0.0000000000 0.0000000000 0.0000000000 0.0000000000 0.0004000400 0.0029002900 0.0107010701 0.0262026203 0.0479047905 0.0711071107 0.0902090209 0.1014101410 0.1040104010 0.0991099110 0.0890089009 0.0764076408 0.0630063006 0.0504050405 0.0393039304 0.1279127913
0.0000000000 0.0000000000 0.0000000000 0.0000000000 0.0000000000 0.0005000000 0.0032000000 0.0117000000 0.0282000000 0.0508000000 0.0743000000 0.0931000000 0.1035000000 0.1049000000 0.0990000000 0.0881000000 0.0749000000 0.0613000000 0.0487000000 0.0377000000 0.1201000000
0.0000000000 0.0000000000 0.0000000000 0.0000000000 0.0000000000 0.0006000600 0.0037003700 0.0132013201 0.0310031003 0.0548054805 0.0786078608 0.0968096810 0.1059105911 0.1059105911 0.0986098610 0.0867086709 0.0729072907 0.0590059006 0.0464046405 0.0356035604 0.1102110211
0.0000000000 0.0000000000 0.0000000000 0.0000000000 0.0000000000 0.0007000000 0.0045000000 0.0152000000 0.0348000000 0.0598000000 0.0839000000 0.1012000000 0.1087000000 0.1068000000 0.0978000000 0.0847000000 0.0702000000 0.0561000000 0.0436000000 0.0330000000 0.0990000000
0.0000000000 0.0000000000 0.0000000000 0.0000000000 0.0001000100 0.0009000900 0.0054005401 0.0179017902 0.0394039404 0.0659065907 0.0900090009 0.1060106011 0.1114111411 0.1073107311 0.0964096410 0.0821082108 0.0669066907 0.0527052705 0.0403040304 0.0302030203 0.0870087009
</ProbTable>
</Entry>
<Entry>
<Instance>a2 - -</Instance>
<ProbTable>1.0000000000 0.0000000000 0.0000000000 0.0000000000 0.0000000000 0.0000000000 0.0000000000 0.0000000000 0.0000000000 0.0000000000 0.0000000000 0.0000000000 0.0000000000 0.0000000000 0.0000000000 0.0000000000 0.0000000000 0.0000000000 0.0000000000 0.0000000000 0.0000000000
1.0000000000 0.0000000000 0.0000000000 0.0000000000 0.0000000000 0.0000000000 0.0000000000 0.0000000000 0.0000000000 0.0000000000 0.0000000000 0.0000000000 0.0000000000 0.0000000000 0.0000000000 0.0000000000 0.0000000000 0.0000000000 0.0000000000 0.0000000000 0.0000000000
0.0000000000 0.0064006401 0.4933493349 0.3881388139 0.0942094209 0.0154015402 0.0022002200 0.0003000300 0.0000000000 0.0000000000 0.0000000000 0.0000000000 0.0000000000 0.0000000000 0.0000000000 0.0000000000 0.0000000000 0.0000000000 0.0000000000 0.0000000000 0.0000000000
0.0000000000 0.0000000000 0.0071992801 0.1313868613 0.2979702030 0.2758724128 0.1632836716 0.0757924208 0.0306969303 0.0114988501 0.0040995900 0.0013998600 0.0004999500 0.0001999800 0.0000999900 0.0000000000 0.0000000000 0.0000000000 0.0000000000 0.0000000000 0.0000000000
0.0000000000 0.0000000000 0.0000999900 0.0098990101 0.0748925107 0.1758824118 0.2227777222 0.1966803320 0.1389861014 0.0849915008 0.0472952705 0.0246975302 0.0122987701 0.0059994001 0.0028997100 0.0013998600 0.0005999400 0.0002999700 0.0000999900 0.0000999900 0.0000999900
0.0000000000 0.0000000000 0.0000000000 0.0008998200 0.0145970806 0.0624875025 0.1294741052 0.1733653269 0.1756648670 0.1477704459 0.1092781444 0.0737852430 0.0466906619 0.0281943611 0.0164967007 0.0093981204 0.0051989602 0.0028994201 0.0015996801 0.0008998200 0.0012997401
0.0000000000 0.0000000000 0.0000000000 0.0000999900 0.0032996700 0.0212978702 0.0623937606 0.1119888011 0.1460853915 0.1535846415 0.1386861314 0.1121887811 0.0836916308 0.0587941206 0.0394960504 0.0256974303 0.0161983802 0.0100989901 0.0061993801 0.0036996300 0.0064993501
0.0000000000 0.0000000000 0.0000000000 0.0000000000 0.0009000000 0.0081000000 0.0305000000 0.0677000000 0.1063000000 0.1316000000 0.1374000000 0.1269000000 0.1068000000 0.0839000000 0.0624000000 0.0446000000 0.0308000000 0.0208000000 0.0138000000 0.0090000000 0.0185000000
0.0000000000 0.0000000000 0.0000000000 0.0000000000 0.0003000600 0.0035007001 0.0161032206 0.0420084017 0.0758151630 0.1059211842 0.1234246849 0.1257251450 0.1158231646 0.0988197640 0.0794158832 0.0609121824 0.0450090018 0.0323064613 0.0227045409 0.0156031206 0.0366073215
0.0000000000 0.0000000000 0.0000000000 0.0000000000 0.0001000000 0.0018000000 0.0095000000 0.0278000000 0.0555000000 0.0850000000 0.1075000000 0.1179000000 0.1162000000 0.1055000000 0.0898000000 0.0726000000 0.0565000000 0.0425000000 0.0312000000 0.0224000000 0.0582000000
0.0000000000 0.0000000000 0.0000000000 0.0000000000 0.0001000000 0.0011000000 0.0061000000 0.0197000000 0.0426000000 0.0699000000 0.0939000000 0.1089000000 0.1128000000 0.1073000000 0.0953000000 0.0803000000 0.0648000000 0.0505000000 0.0383000000 0.0284000000 0.0800000000
0.0000000000 0.0000000000 0.0000000000 0.0000000000 0.0000000000 0.0007000700 0.0044004400 0.0151015102 0.0345034503 0.0595059506 0.0836083608 0.1009100910 0.1085108511 0.1067106711 0.0979097910 0.0849084908 0.0704070407 0.0563056306 0.0437043704 0.0332033203 0.0996099610
0.0000000000 0.0000000000 0.0000000000 0.0000000000 0.0000000000 0.0005000000 0.0035000000 0.0124000000 0.0295000000 0.0527000000 0.0764000000 0.0948000000 0.1047000000 0.1054000000 0.0988000000 0.0875000000 0.0740000000 0.0602000000 0.0476000000 0.0367000000 0.1153000000
0.0000000000 0.0000000000 0.0000000000 0.0000000000 0.0000000000 0.0004000400 0.0029002900 0.0109010901 0.0265026503 0.0484048405 0.0717071707 0.0907090709 0.1018101810 0.1042104210 0.0991099110 0.0889088909 0.0761076108 0.0627062706 0.0501050105 0.0390039004 0.1265126513
0.0000000000 0.0000000000 0.0000000000 0.0000000000 0.0000000000 0.0004000400 0.0027002700 0.0101010101 0.0250025003 0.0462046205 0.0691069107 0.0884088409 0.1001100110 0.1033103310 0.0991099110 0.0895089509 0.0772077208 0.0640064006 0.0515051505 0.0403040304 0.1330133013
0.0000000000 0.0000000000 0.0000000000 0.0000000000 0.0000000000 0.0004000000 0.0026000000 0.0098000000 0.0245000000 0.0455000000 0.0684000000 0.0877000000 0.0996000000 0.1031000000 0.0990000000 0.0897000000 0.0775000000 0.0645000000 0.0519000000 0.0408000000 0.1350000000
0.0000000000 0.0000000000 0.0000000000 0.0000000000 0.0000000000 0.0003999600 0.0026997300 0.0100989901 0.0248975102 0.0460953905 0.0690930907 0.0882911709 0.1000899910 0.1032896710 0.0990900910 0.0895910409 0.0771922808 0.0640935906 0.0514948505 0.0403959604 0.1331866813
0.0000000000 0.0000000000 0.0000000000 0.0000000000 0.0000000000 0.0004000400 0.0029002900 0.0107010701 0.0262026203 0.0479047905 0.0711071107 0.0902090209 0.1014101410 0.1040104010 0.0991099110 0.0890089009 0.0764076408 0.0630063006 0.0504050405 0.0393039304 0.1279127913
0.0000000000 0.0000000000 0.0000000000 0.0000000000 0.0000000000 0.0005000000 0.0032000000 0.0117000000 0.0282000000 0.0508000000 0.0743000000 0.0931000000 0.1035000000 0.1049000000 0.0990000000 0.0881000000 0.0749000000 0.0613000000 0.0487000000 0.0377000000 0.1201000000
0.0000000000 0.0000000000 0.0000000000 0.0000000000 0.0000000000 0.0006000600 0.0037003700 0.0132013201 0.0310031003 0.0548054805 0.0786078608 0.0968096810 0.1059105911 0.1059105911 0.0986098610 0.0867086709 0.0729072907 0.0590059006 0.0464046405 0.0356035604 0.1102110211
0.0000000000 0.0000000000 0.0000000000 0.0000000000 0.0000000000 0.0007000000 0.0045000000 0.0152000000 0.0348000000 0.0598000000 0.0839000000 0.1012000000 0.1087000000 0.1068000000 0.0978000000 0.0847000000 0.0702000000 0.0561000000 0.0436000000 0.0330000000 0.0990000000
</ProbTable>
</Entry>
<Entry>
<Instance>a3 - -</Instance>
<ProbTable>1.0000000000 0.0000000000 0.0000000000 0.0000000000 0.0000000000 0.0000000000 0.0000000000 0.0000000000 0.0000000000 0.0000000000 0.0000000000 0.0000000000 0.0000000000 0.0000000000 0.0000000000 0.0000000000 0.0000000000 0.0000000000 0.0000000000 0.0000000000 0.0000000000
1.0000000000 0.0000000000 0.0000000000 0.0000000000 0.0000000000 0.0000000000 0.0000000000 0.0000000000 0.0000000000 0.0000000000 0.0000000000 0.0000000000 0.0000000000 0.0000000000 0.0000000000 0.0000000000 0.0000000000 0.0000000000 0.0000000000 0.0000000000 0.0000000000
1.0000000000 0.0000000000 0.0000000000 0.0000000000 0.0000000000 0.0000000000 0.0000000000 0.0000000000 0.0000000000 0.0000000000 0.0000000000 0.0000000000 0.0000000000 0.0000000000 0.0000000000 0.0000000000 0.0000000000 0.0000000000 0.0000000000 0.0000000000 0.0000000000
0.0000000000 0.0064006401 0.4933493349 0.3881388139 0.0942094209 0.0154015402 0.0022002200 0.0003000300 0.0000000000 0.0000000000 0.0000000000 0.0000000000 0.0000000000 0.0000000000 0.0000000000 0.0000000000 0.0000000000 0.0000000000 0.0000000000 0.0000000000 0.0000000000
0.0000000000 0.0000000000 0.0071992801 0.1313868613 0.2979702030 0.2758724128 0.1632836716 0.0757924208 0.0306969303 0.0114988501 0.0040995900 0.0013998600 0.0004999500 0.0001999800 0.0000999900 0.0000000000 0.0000000000 0.0000000000 0.0000000000 0.0000000000 0.0000000000
0.0000000000 0.0000000000 0.0000999900 0.0098990101 0.0748925107 0.1758824118 0.2227777222 0.1966803320 0.1389861014 0.0849915008 0.0472952705 0.0246975302 0.0122987701 0.0059994001 0.0028997100 0.0013998600 0.0005999400 0.0002999700 0.0000999900 0.0000999900 0.0000999900
0.0000000000 0.0000000000 0.0000000000 0.0008998200 0.0145970806 0.0624875025 0.1294741052 0.1733653269 0.1756648670 0.1477704459 0.1092781444 0.0737852430 0.0466906619 0.0281943611 0.0164967007 0.0093981204 0.0051989602 0.0028994201 0.0015996801 0.0008998200 0.0012997401
0.0000000000 0.0000000000 0.0000000000 0.0000999900 0.0032996700 0.0212978702 0.0623937606 0.1119888011 0.1460853915 0.1535846415 0.1386861314 0.1121887811 0.0836916308 0.0587941206 0.0394960504 0.0256974303 0.0161983802 0.0100989901 0.0061993801 0.0036996300 0.0064993501
0.0000000000 0.0000000000 0.0000000000 0.0000000000 0.0009000000 0.0081000000 0.0305000000 0.0677000000 0.1063000000 0.1316000000 0.1374000000 0.1269000000 0.1068000000 0.0839000000 0.0624000000 0.0446000000 0.0308000000 0.0208000000 0.0138000000 0.0090000000 0.0185000000
0.0000000000 0.0000000000 0.0000000000 0.0000000000 0.0003000600 0.0035007001 0.0161032206 0.0420084017 0.0758151630 0.1059211842 0.1234246849 0.1257251450 0.1158231646 0.0988197640 0.0794158832 0.0609121824 0.0450090018 0.0323064613 0.0227045409 0.0156031206 0.0366073215
0.0000000000 0.0000000000 0.0000000000 0.0000000000 0.0001000000 0.0018000000 0.0095000000 0.0278000000 0.0555000000 0.0850000000 0.1075000000 0.1179000000 0.1162000000 0.1055000000 0.0898000000 0.0726000000 0.0565000000 0.0425000000 0.0312000000 0.0224000000 0.0582000000
0.0000000000 0.0000000000 0.0000000000 0.0000000000 0.0001000000 0.0011000000 0.0061000000 0.0197000000 0.0426000000 0.0699000000 0.0939000000 0.1089000000 0.1128000000 0.1073000000 0.0953000000 0.0803000000 0.0648000000 0.0505000000 0.0383000000 0.0284000000 0.0800000000
0.0000000000 0.0000000000 0.0000000000 0.0000000000 0.0000000000 0.0007000700 0.0044004400 0.0151015102 0.0345034503 0.0595059506 0.0836083608 0.1009100910 0.1085108511 0.1067106711 0.0979097910 0.0849084908 0.0704070407 0.0563056306 0.0437043704 0.0332033203 0.0996099610
0.0000000000 0.0000000000 0.0000000000 0.0000000000 0.0000000000 0.0005000000 0.0035000000 0.0124000000 0.0295000000 0.0527000000 0.0764000000 0.0948000000 0.1047000000 0.1054000000 0.0988000000 0.0875000000 0.0740000000 0.0602000000 0.0476000000 0.0367000000 0.1153000000
0.0000000000 0.0000000000 0.0000000000 0.0000000000 0.0000000000 0.0004000400 0.0029002900 0.0109010901 0.0265026503 0.0484048405 0.0717071707 0.0907090709 0.1018101810 0.1042104210 0.0991099110 0.0889088909 0.0761076108 0.0627062706 0.0501050105 0.0390039004 0.1265126513
0.0000000000 0.0000000000 0.0000000000 0.0000000000 0.0000000000 0.0004000400 0.0027002700 0.0101010101 0.0250025003 0.0462046205 0.0691069107 0.0884088409 0.1001100110 0.1033103310 0.0991099110 0.0895089509 0.0772077208 0.0640064006 0.0515051505 0.0403040304 0.1330133013
0.0000000000 0.0000000000 0.0000000000 0.0000000000 0.0000000000 0.0004000000 0.0026000000 0.0098000000 0.0245000000 0.0455000000 0.0684000000 0.0877000000 0.0996000000 0.1031000000 0.0990000000 0.0897000000 0.0775000000 0.0645000000 0.0519000000 0.0408000000 0.1350000000
0.0000000000 0.0000000000 0.0000000000 0.0000000000 0.0000000000 0.0003999600 0.0026997300 0.0100989901 0.0248975102 0.0460953905 0.0690930907 0.0882911709 0.1000899910 0.1032896710 0.0990900910 0.0895910409 0.0771922808 0.0640935906 0.0514948505 0.0403959604 0.1331866813
0.0000000000 0.0000000000 0.0000000000 0.0000000000 0.0000000000 0.0004000400 0.0029002900 0.0107010701 0.0262026203 0.0479047905 0.0711071107 0.0902090209 0.1014101410 0.1040104010 0.0991099110 0.0890089009 0.0764076408 0.0630063006 0.0504050405 0.0393039304 0.1279127913
0.0000000000 0.0000000000 0.0000000000 0.0000000000 0.0000000000 0.0005000000 0.0032000000 0.0117000000 0.0282000000 0.0508000000 0.0743000000 0.0931000000 0.1035000000 0.1049000000 0.0990000000 0.0881000000 0.0749000000 0.0613000000 0.0487000000 0.0377000000 0.1201000000
0.0000000000 0.0000000000 0.0000000000 0.0000000000 0.0000000000 0.0006000600 0.0037003700 0.0132013201 0.0310031003 0.0548054805 0.0786078608 0.0968096810 0.1059105911 0.1059105911 0.0986098610 0.0867086709 0.0729072907 0.0590059006 0.0464046405 0.0356035604 0.1102110211
</ProbTable>
</Entry>
<Entry>
<Instance>a4 - -</Instance>
<ProbTable>1.0000000000 0.0000000000 0.0000000000 0.0000000000 0.0000000000 0.0000000000 0.0000000000 0.0000000000 0.0000000000 0.0000000000 0.0000000000 0.0000000000 0.0000000000 0.0000000000 0.0000000000 0.0000000000 0.0000000000 0.0000000000 0.0000000000 0.0000000000 0.0000000000
1.0000000000 0.0000000000 0.0000000000 0.0000000000 0.0000000000 0.0000000000 0.0000000000 0.0000000000 0.0000000000 0.0000000000 0.0000000000 0.0000000000 0.0000000000 0.0000000000 0.0000000000 0.0000000000 0.0000000000 0.0000000000 0.0000000000 0.0000000000 0.0000000000
1.0000000000 0.0000000000 0.0000000000 0.0000000000 0.0000000000 0.0000000000 0.0000000000 0.0000000000 0.0000000000 0.0000000000 0.0000000000 0.0000000000 0.0000000000 0.0000000000 0.0000000000 0.0000000000 0.0000000000 0.0000000000 0.0000000000 0.0000000000 0.0000000000
1.0000000000 0.0000000000 0.0000000000 0.0000000000 0.0000000000 0.0000000000 0.0000000000 0.0000000000 0.0000000000 0.0000000000 0.0000000000 0.0000000000 0.0000000000 0.0000000000 0.0000000000 0.0000000000 0.0000000000 0.0000000000 0.0000000000 0.0000000000 0.0000000000
0.0000000000 0.0064006401 0.4933493349 0.3881388139 0.0942094209 0.0154015402 0.0022002200 0.0003000300 0.0000000000 0.0000000000 0.0000000000 0.0000000000 0.0000000000 0.0000000000 0.0000000000 0.0000000000 0.0000000000 0.0000000000 0.0000000000 0.0000000000 0.0000000000
0.0000000000 0.0000000000 0.0071992801 0.1313868613 0.2979702030 0.2758724128 0.1632836716 0.0757924208 0.0306969303 0.0114988501 0.0040995900 0.0013998600 0.0004999500 0.0001999800 0.0000999900 0.0000000000 0.0000000000 0.0000000000 0.0000000000 0.0000000000 0.0000000000
0.0000000000 0.0000000000 0.0000999900 0.0098990101 0.0748925107 0.1758824118 0.2227777222 0.1966803320 0.1389861014 0.0849915008 0.0472952705 0.0246975302 0.0122987701 0.0059994001 0.0028997100 0.0013998600 0.0005999400 0.0002999700 0.0000999900 0.0000999900 0.0000999900
0.0000000000 0.0000000000 0.0000000000 0.0008998200 0.0145970806 0.0624875025 0.1294741052 0.1733653269 0.1756648670 0.1477704459 0.1092781444 0.0737852430 0.0466906619 0.0281943611 0.0164967007 0.0093981204 0.0051989602 0.0028994201 0.0015996801 0.0008998200 0.0012997401
0.0000000000 0.0000000000 0.0000000000 0.0000999900 0.0032996700 0.0212978702 0.0623937606 0.1119888011 0.1460853915 0.1535846415 0.1386861314 0.1121887811 0.0836916308 0.0587941206 0.0394960504 0.0256974303 0.0161983802 0.0100989901 0.0061993801 0.0036996300 0.0064993501
0.0000000000 0.0000000000 0.0000000000 0.0000000000 0.0009000000 0.0081000000 0.0305000000 0.0677000000 0.1063000000 0.1316000000 0.1374000000 0.1269000000 0.1068000000 0.0839000000 0.0624000000 0.0446000000 0.0308000000 0.0208000000 0.0138000000 0.0090000000 0.0185000000
0.0000000000 0.0000000000 0.0000000000 0.0000000000 0.0003000600 0.0035007001 0.0161032206 0.0420084017 0.0758151630 0.1059211842 0.1234246849 0.1257251450 0.1158231646 0.0988197640 0.0794158832 0.0609121824 0.0450090018 0.0323064613 0.0227045409 0.0156031206 0.0366073215
0.0000000000 0.0000000000 0.0000000000 0.0000000000 0.0001000000 0.0018000000 0.0095000000 0.0278000000 0.0555000000 0.0850000000 0.1075000000 0.1179000000 0.1162000000 0.1055000000 0.0898000000 0.0726000000 0.0565000000 0.0425000000 0.0312000000 0.0224000000 0.0582000000
0.0000000000 0.0000000000 0.0000000000 0.0000000000 0.0001000000 0.0011000000 0.0061000000 0.0197000000 0.0426000000 0.0699000000 0.0939000000 0.1089000000 0.1128000000 0.1073000000 0.0953000000 0.0803000000 0.0648000000 0.0505000000 0.0383000000 0.0284000000 0.0800000000
0.0000000000 0.0000000000 0.0000000000 0.0000000000 0.0000000000 0.0007000700 0.0044004400 0.0151015102 0.0345034503 0.0595059506 0.0836083608 0.1009100910 0.1085108511 0.1067106711 0.0979097910 0.0849084908 0.0704070407 0.0563056306 0.0437043704 0.0332033203 0.0996099610
0.0000000000 0.0000000000 0.0000000000 0.0000000000 0.0000000000 0.0005000000 0.0035000000 0.0124000000 0.0295000000 0.0527000000 0.0764000000 0.0948000000 0.1047000000 0.1054000000 0.0988000000 0.0875000000 0.0740000000 0.0602000000 0.0476000000 0.0367000000 0.1153000000
0.0000000000 0.0000000000 0.0000000000 0.0000000000 0.0000000000 0.0004000400 0.0029002900 0.0109010901 0.0265026503 0.0484048405 0.0717071707 0.0907090709 0.1018101810 0.1042104210 0.0991099110 0.0889088909 0.0761076108 0.0627062706 0.0501050105 0.0390039004 0.1265126513
0.0000000000 0.0000000000 0.0000000000 0.0000000000 0.0000000000 0.0004000400 0.0027002700 0.0101010101 0.0250025003 0.0462046205 0.0691069107 0.0884088409 0.1001100110 0.1033103310 0.0991099110 0.0895089509 0.0772077208 0.0640064006 0.0515051505 0.0403040304 0.1330133013
0.0000000000 0.0000000000 0.0000000000 0.0000000000 0.0000000000 0.0004000000 0.0026000000 0.0098000000 0.0245000000 0.0455000000 0.0684000000 0.0877000000 0.0996000000 0.1031000000 0.0990000000 0.0897000000 0.0775000000 0.0645000000 0.0519000000 0.0408000000 0.1350000000
0.0000000000 0.0000000000 0.0000000000 0.0000000000 0.0000000000 0.0003999600 0.0026997300 0.0100989901 0.0248975102 0.0460953905 0.0690930907 0.0882911709 0.1000899910 0.1032896710 0.0990900910 0.0895910409 0.0771922808 0.0640935906 0.0514948505 0.0403959604 0.1331866813
0.0000000000 0.0000000000 0.0000000000 0.0000000000 0.0000000000 0.0004000400 0.0029002900 0.0107010701 0.0262026203 0.0479047905 0.0711071107 0.0902090209 0.1014101410 0.1040104010 0.0991099110 0.0890089009 0.0764076408 0.0630063006 0.0504050405 0.0393039304 0.1279127913
0.0000000000 0.0000000000 0.0000000000 0.0000000000 0.0000000000 0.0005000000 0.0032000000 0.0117000000 0.0282000000 0.0508000000 0.0743000000 0.0931000000 0.1035000000 0.1049000000 0.0990000000 0.0881000000 0.0749000000 0.0613000000 0.0487000000 0.0377000000 0.1201000000
</ProbTable>
</Entry>
<Entry>
<Instance>a5 - -</Instance>
<ProbTable>1.0000000000 0.0000000000 0.0000000000 0.0000000000 0.0000000000 0.0000000000 0.0000000000 0.0000000000 0.0000000000 0.0000000000 0.0000000000 0.0000000000 0.0000000000 0.0000000000 0.0000000000 0.0000000000 0.0000000000 0.0000000000 0.0000000000 0.0000000000 0.0000000000
1.0000000000 0.0000000000 0.0000000000 0.0000000000 0.0000000000 0.0000000000 0.0000000000 0.0000000000 0.0000000000 0.0000000000 0.0000000000 0.0000000000 0.0000000000 0.0000000000 0.0000000000 0.0000000000 0.0000000000 0.0000000000 0.0000000000 0.0000000000 0.0000000000
1.0000000000 0.0000000000 0.0000000000 0.0000000000 0.0000000000 0.0000000000 0.0000000000 0.0000000000 0.0000000000 0.0000000000 0.0000000000 0.0000000000 0.0000000000 0.0000000000 0.0000000000 0.0000000000 0.0000000000 0.0000000000 0.0000000000 0.0000000000 0.0000000000
1.0000000000 0.0000000000 0.0000000000 0.0000000000 0.0000000000 0.0000000000 0.0000000000 0.0000000000 0.0000000000 0.0000000000 0.0000000000 0.0000000000 0.0000000000 0.0000000000 0.0000000000 0.0000000000 0.0000000000 0.0000000000 0.0000000000 0.0000000000 0.0000000000
1.0000000000 0.0000000000 0.0000000000 0.0000000000 0.0000000000 0.0000000000 0.0000000000 0.0000000000 0.0000000000 0.0000000000 0.0000000000 0.0000000000 0.0000000000 0.0000000000 0.0000000000 0.0000000000 0.0000000000 0.0000000000 0.0000000000 0.0000000000 0.0000000000
0.0000000000 0.0064006401 0.4933493349 0.3881388139 0.0942094209 0.0154015402 0.0022002200 0.0003000300 0.0000000000 0.0000000000 0.0000000000 0.0000000000 0.0000000000 0.0000000000 0.0000000000 0.0000000000 0.0000000000 0.0000000000 0.0000000000 0.0000000000 0.0000000000
0.0000000000 0.0000000000 0.0071992801 0.1313868613 0.2979702030 0.2758724128 0.1632836716 0.0757924208 0.0306969303 0.0114988501 0.0040995900 0.0013998600 0.0004999500 0.0001999800 0.0000999900 0.0000000000 0.0000000000 0.0000000000 0.0000000000 0.0000000000 0.0000000000
0.0000000000 0.0000000000 0.0000999900 0.0098990101 0.0748925107 0.1758824118 0.2227777222 0.1966803320 0.1389861014 0.0849915008 0.0472952705 0.0246975302 0.0122987701 0.0059994001 0.0028997100 0.0013998600 0.0005999400 0.0002999700 0.0000999900 0.0000999900 0.0000999900
0.0000000000 0.0000000000 0.0000000000 0.0008998200 0.0145970806 0.0624875025 0.1294741052 0.1733653269 0.1756648670 0.1477704459 0.1092781444 0.0737852430 0.0466906619 0.0281943611 0.0164967007 0.0093981204 0.0051989602 0.0028994201 0.0015996801 0.0008998200 0.0012997401
0.0000000000 0.0000000000 0.0000000000 0.0000999900 0.0032996700 0.0212978702 0.0623937606 0.1119888011 0.1460853915 0.1535846415 0.1386861314 0.1121887811 0.0836916308 0.0587941206 0.0394960504 0.0256974303 0.0161983802 0.0100989901 0.0061993801 0.0036996300 0.0064993501
0.0000000000 0.0000000000 0.0000000000 0.0000000000 0.0009000000 0.0081000000 0.0305000000 0.0677000000 0.1063000000 0.1316000000 0.1374000000 0.1269000000 0.1068000000 0.0839000000 0.0624000000 0.0446000000 0.0308000000 0.0208000000 0.0138000000 0.0090000000 0.0185000000
0.0000000000 0.0000000000 0.0000000000 0.0000000000 0.0003000600 0.0035007001 0.0161032206 0.0420084017 0.0758151630 0.1059211842 0.1234246849 0.1257251450 0.1158231646 0.0988197640 0.0794158832 0.0609121824 0.0450090018 0.0323064613 0.0227045409 0.0156031206 0.0366073215
0.0000000000 0.0000000000 0.0000000000 0.0000000000 0.0001000000 0.0018000000 0.0095000000 0.0278000000 0.0555000000 0.0850000000 0.1075000000 0.1179000000 0.1162000000 0.1055000000 0.0898000000 0.0726000000 0.0565000000 0.0425000000 0.0312000000 0.0224000000 0.0582000000
0.0000000000 0.0000000000 0.0000000000 0.0000000000 0.0001000000 0.0011000000 0.0061000000 0.0197000000 0.0426000000 0.0699000000 0.0939000000 0.1089000000 0.1128000000 0.1073000000 0.0953000000 0.0803000000 0.0648000000 0.0505000000 0.0383000000 0.0284000000 0.0800000000
0.0000000000 0.0000000000 0.0000000000 0.0000000000 0.0000000000 0.0007000700 0.0044004400 0.0151015102 0.0345034503 0.0595059506 0.0836083608 0.1009100910 0.1085108511 0.1067106711 0.0979097910 0.0849084908 0.0704070407 0.0563056306 0.0437043704 0.0332033203 0.0996099610
0.0000000000 0.0000000000 0.0000000000 0.0000000000 0.0000000000 0.0005000000 0.0035000000 0.0124000000 0.0295000000 0.0527000000 0.0764000000 0.0948000000 0.1047000000 0.1054000000 0.0988000000 0.0875000000 0.0740000000 0.0602000000 0.0476000000 0.0367000000 0.1153000000
0.0000000000 0.0000000000 0.0000000000 0.0000000000 0.0000000000 0.0004000400 0.0029002900 0.0109010901 0.0265026503 0.0484048405 0.0717071707 0.0907090709 0.1018101810 0.1042104210 0.0991099110 0.0889088909 0.0761076108 0.0627062706 0.0501050105 0.0390039004 0.1265126513
0.0000000000 0.0000000000 0.0000000000 0.0000000000 0.0000000000 0.0004000400 0.0027002700 0.0101010101 0.0250025003 0.0462046205 0.0691069107 0.0884088409 0.1001100110 0.1033103310 0.0991099110 0.0895089509 0.0772077208 0.0640064006 0.0515051505 0.0403040304 0.1330133013
0.0000000000 0.0000000000 0.0000000000 0.0000000000 0.0000000000 0.0004000000 0.0026000000 0.0098000000 0.0245000000 0.0455000000 0.0684000000 0.0877000000 0.0996000000 0.1031000000 0.0990000000 0.0897000000 0.0775000000 0.0645000000 0.0519000000 0.0408000000 0.1350000000
0.0000000000 0.0000000000 0.0000000000 0.0000000000 0.0000000000 0.0003999600 0.0026997300 0.0100989901 0.0248975102 0.0460953905 0.0690930907 0.0882911709 0.1000899910 0.1032896710 0.0990900910 0.0895910409 0.0771922808 0.0640935906 0.0514948505 0.0403959604 0.1331866813
0.0000000000 0.0000000000 0.0000000000 0.0000000000 0.0000000000 0.0004000400 0.0029002900 0.0107010701 0.0262026203 0.0479047905 0.0711071107 0.0902090209 0.1014101410 0.1040104010 0.0991099110 0.0890089009 0.0764076408 0.0630063006 0.0504050405 0.0393039304 0.1279127913
</ProbTable>
</Entry>
<Entry>
<Instance>a6 - -</Instance>
<ProbTable>1.0000000000 0.0000000000 0.0000000000 0.0000000000 0.0000000000 0.0000000000 0.0000000000 0.0000000000 0.0000000000 0.0000000000 0.0000000000 0.0000000000 0.0000000000 0.0000000000 0.0000000000 0.0000000000 0.0000000000 0.0000000000 0.0000000000 0.0000000000 0.0000000000
1.0000000000 0.0000000000 0.0000000000 0.0000000000 0.0000000000 0.0000000000 0.0000000000 0.0000000000 0.0000000000 0.0000000000 0.0000000000 0.0000000000 0.0000000000 0.0000000000 0.0000000000 0.0000000000 0.0000000000 0.0000000000 0.0000000000 0.0000000000 0.0000000000
1.0000000000 0.0000000000 0.0000000000 0.0000000000 0.0000000000 0.0000000000 0.0000000000 0.0000000000 0.0000000000 0.0000000000 0.0000000000 0.0000000000 0.0000000000 0.0000000000 0.0000000000 0.0000000000 0.0000000000 0.0000000000 0.0000000000 0.0000000000 0.0000000000
1.0000000000 0.0000000000 0.0000000000 0.0000000000 0.0000000000 0.0000000000 0.0000000000 0.0000000000 0.0000000000 0.0000000000 0.0000000000 0.0000000000 0.0000000000 0.0000000000 0.0000000000 0.0000000000 0.0000000000 0.0000000000 0.0000000000 0.0000000000 0.0000000000
1.0000000000 0.0000000000 0.0000000000 0.0000000000 0.0000000000 0.0000000000 0.0000000000 0.0000000000 0.0000000000 0.0000000000 0.0000000000 0.0000000000 0.0000000000 0.0000000000 0.0000000000 0.0000000000 0.0000000000 0.0000000000 0.0000000000 0.0000000000 0.0000000000
1.0000000000 0.0000000000 0.0000000000 0.0000000000 0.0000000000 0.0000000000 0.0000000000 0.0000000000 0.0000000000 0.0000000000 0.0000000000 0.0000000000 0.0000000000 0.0000000000 0.0000000000 0.0000000000 0.0000000000 0.0000000000 0.0000000000 0.0000000000 0.0000000000
0.0000000000 0.0064006401 0.4933493349 0.3881388139 0.0942094209 0.0154015402 0.0022002200 0.0003000300 0.0000000000 0.0000000000 0.0000000000 0.0000000000 0.0000000000 0.0000000000 0.0000000000 0.0000000000 0.0000000000 0.0000000000 0.0000000000 0.0000000000 0.0000000000
0.0000000000 0.0000000000 0.0071992801 0.1313868613 0.2979702030 0.2758724128 0.1632836716 0.0757924208 0.0306969303 0.0114988501 0.0040995900 0.0013998600 0.0004999500 0.0001999800 0.0000999900 0.0000000000 0.0000000000 0.0000000000 0.0000000000 0.0000000000 0.0000000000
0.0000000000 0.0000000000 0.0000999900 0.0098990101 0.0748925107 0.1758824118 0.2227777222 0.1966803320 0.1389861014 0.0849915008 0.0472952705 0.0246975302 0.0122987701 0.0059994001 0.0028997100 0.0013998600 0.0005999400 0.0002999700 0.0000999900 0.0000999900 0.0000999900
0.0000000000 0.0000000000 0.0000000000 0.0008998200 0.0145970806 0.0624875025 0.1294741052 0.1733653269 0.1756648670 0.1477704459 0.1092781444 0.0737852430 0.0466906619 0.0281943611 0.0164967007 0.0093981204 0.0051989602 0.0028994201 0.0015996801 0.0008998200 0.0012997401
0.0000000000 0.0000000000 0.0000000000 0.0000999900 0.0032996700 0.0212978702 0.0623937606 0.1119888011 0.1460853915 0.1535846415 0.1386861314 0.1121887811 0.0836916308 0.0587941206 0.0394960504 0.0256974303 0.0161983802 0.0100989901 0.0061993801 0.0036996300 0.0064993501
0.0000000000 0.0000000000 0.0000000000 0.0000000000 0.0009000000 0.0081000000 0.0305000000 0.0677000000 0.1063000000 0.1316000000 0.1374000000 0.1269000000 0.1068000000 0.0839000000 0.0624000000 0.0446000000 0.0308000000 0.0208000000 0.0138000000 0.0090000000 0.0185000000
0.0000000000 0.0000000000 0.0000000000 0.0000000000 0.0003000600 0.0035007001 0.0161032206 0.0420084017 0.0758151630 0.1059211842 0.1234246849 0.1257251450 0.1158231646 0.0988197640 0.0794158832 0.0609121824 0.0450090018 0.0323064613 0.0227045409 0.0156031206 0.0366073215
0.0000000000 0.0000000000 0.0000000000 0.0000000000 0.0001000000 0.0018000000 0.0095000000 0.0278000000 0.0555000000 0.0850000000 0.1075000000 0.1179000000 0.1162000000 0.1055000000 0.0898000000 0.0726000000 0.0565000000 0.0425000000 0.0312000000 0.0224000000 0.0582000000
0.0000000000 0.0000000000 0.0000000000 0.0000000000 0.0001000000 0.0011000000 0.0061000000 0.0197000000 0.0426000000 0.0699000000 0.0939000000 0.1089000000 0.1128000000 0.1073000000 0.0953000000 0.0803000000 0.0648000000 0.0505000000 0.0383000000 0.0284000000 0.0800000000
0.0000000000 0.0000000000 0.0000000000 0.0000000000 0.0000000000 0.0007000700 0.0044004400 0.0151015102 0.0345034503 0.0595059506 0.0836083608 0.1009100910 0.1085108511 0.1067106711 0.0979097910 0.0849084908 0.0704070407 0.0563056306 0.0437043704 0.0332033203 0.0996099610
0.0000000000 0.0000000000 0.0000000000 0.0000000000 0.0000000000 0.0005000000 0.0035000000 0.0124000000 0.0295000000 0.0527000000 0.0764000000 0.0948000000 0.1047000000 0.1054000000 0.0988000000 0.0875000000 0.0740000000 0.0602000000 0.0476000000 0.0367000000 0.1153000000
0.0000000000 0.0000000000 0.0000000000 0.0000000000 0.0000000000 0.0004000400 0.0029002900 0.0109010901 0.0265026503 0.0484048405 0.0717071707 0.0907090709 0.1018101810 0.1042104210 0.0991099110 0.0889088909 0.0761076108 0.0627062706 0.0501050105 0.0390039004 0.1265126513
0.0000000000 0.0000000000 0.0000000000 0.0000000000 0.0000000000 0.0004000400 0.0027002700 0.0101010101 0.0250025003 0.0462046205 0.0691069107 0.0884088409 0.1001100110 0.1033103310 0.0991099110 0.0895089509 0.0772077208 0.0640064006 0.0515051505 0.0403040304 0.1330133013
0.0000000000 0.0000000000 0.0000000000 0.0000000000 0.0000000000 0.0004000000 0.0026000000 0.0098000000 0.0245000000 0.0455000000 0.0684000000 0.0877000000 0.0996000000 0.1031000000 0.0990000000 0.0897000000 0.0775000000 0.0645000000 0.0519000000 0.0408000000 0.1350000000
0.0000000000 0.0000000000 0.0000000000 0.0000000000 0.0000000000 0.0003999600 0.0026997300 0.0100989901 0.0248975102 0.0460953905 0.0690930907 0.0882911709 0.1000899910 0.1032896710 0.0990900910 0.0895910409 0.0771922808 0.0640935906 0.0514948505 0.0403959604 0.1331866813
</ProbTable>
</Entry>
<Entry>
<Instance>a7 - -</Instance>
<ProbTable>1.0000000000 0.0000000000 0.0000000000 0.0000000000 0.0000000000 0.0000000000 0.0000000000 0.0000000000 0.0000000000 0.0000000000 0.0000000000 0.0000000000 0.0000000000 0.0000000000 0.0000000000 0.0000000000 0.0000000000 0.0000000000 0.0000000000 0.0000000000 0.0000000000
1.0000000000 0.0000000000 0.0000000000 0.0000000000 0.0000000000 0.0000000000 0.0000000000 0.0000000000 0.0000000000 0.0000000000 0.0000000000 0.0000000000 0.0000000000 0.0000000000 0.0000000000 0.0000000000 0.0000000000 0.0000000000 0.0000000000 0.0000000000 0.0000000000
1.0000000000 0.0000000000 0.0000000000 0.0000000000 0.0000000000 0.0000000000 0.0000000000 0.0000000000 0.0000000000 0.0000000000 0.0000000000 0.0000000000 0.0000000000 0.0000000000 0.0000000000 0.0000000000 0.0000000000 0.0000000000 0.0000000000 0.0000000000 0.0000000000
1.0000000000 0.0000000000 0.0000000000 0.0000000000 0.0000000000 0.0000000000 0.0000000000 0.0000000000 0.0000000000 0.0000000000 0.0000000000 0.0000000000 0.0000000000 0.0000000000 0.0000000000 0.0000000000 0.0000000000 0.0000000000 0.0000000000 0.0000000000 0.0000000000
1.0000000000 0.0000000000 0.0000000000 0.0000000000 0.0000000000 0.0000000000 0.0000000000 0.0000000000 0.0000000000 0.0000000000 0.0000000000 0.0000000000 0.0000000000 0.0000000000 0.0000000000 0.0000000000 0.0000000000 0.0000000000 0.0000000000 0.0000000000 0.0000000000
1.0000000000 0.0000000000 0.0000000000 0.0000000000 0.0000000000 0.0000000000 0.0000000000 0.0000000000 0.0000000000 0.0000000000 0.0000000000 0.0000000000 0.0000000000 0.0000000000 0.0000000000 0.0000000000 0.0000000000 0.0000000000 0.0000000000 0.0000000000 0.0000000000
1.0000000000 0.0000000000 0.0000000000 0.0000000000 0.0000000000 0.0000000000 0.0000000000 0.0000000000 0.0000000000 0.0000000000 0.0000000000 0.0000000000 0.0000000000 0.0000000000 0.0000000000 0.0000000000 0.0000000000 0.0000000000 0.0000000000 0.0000000000 0.0000000000
0.0000000000 0.0064006401 0.4933493349 0.3881388139 0.0942094209 0.0154015402 0.0022002200 0.0003000300 0.0000000000 0.0000000000 0.0000000000 0.0000000000 0.0000000000 0.0000000000 0.0000000000 0.0000000000 0.0000000000 0.0000000000 0.0000000000 0.0000000000 0.0000000000
0.0000000000 0.0000000000 0.0071992801 0.1313868613 0.2979702030 0.2758724128 0.1632836716 0.0757924208 0.0306969303 0.0114988501 0.0040995900 0.0013998600 0.0004999500 0.0001999800 0.0000999900 0.0000000000 0.0000000000 0.0000000000 0.0000000000 0.0000000000 0.0000000000
0.0000000000 0.0000000000 0.0000999900 0.0098990101 0.0748925107 0.1758824118 0.2227777222 0.1966803320 0.1389861014 0.0849915008 0.0472952705 0.0246975302 0.0122987701 0.0059994001 0.0028997100 0.0013998600 0.0005999400 0.0002999700 0.0000999900 0.0000999900 0.0000999900
0.0000000000 0.0000000000 0.0000000000 0.0008998200 0.0145970806 0.0624875025 0.1294741052 0.1733653269 0.1756648670 0.1477704459 0.1092781444 0.0737852430 0.0466906619 0.0281943611 0.0164967007 0.0093981204 0.0051989602 0.0028994201 0.0015996801 0.0008998200 0.0012997401
0.0000000000 0.0000000000 0.0000000000 0.0000999900 0.0032996700 0.0212978702 0.0623937606 0.1119888011 0.1460853915 0.1535846415 0.1386861314 0.1121887811 0.0836916308 0.0587941206 0.0394960504 0.0256974303 0.0161983802 0.0100989901 0.0061993801 0.0036996300 0.0064993501
0.0000000000 0.0000000000 0.0000000000 0.0000000000 0.0009000000 0.0081000000 0.0305000000 0.0677000000 0.1063000000 0.1316000000 0.1374000000 0.1269000000 0.1068000000 0.0839000000 0.0624000000 0.0446000000 0.0308000000 0.0208000000 0.0138000000 0.0090000000 0.0185000000
