<?xml version="1.0" encoding="ISO-8859-1"?>

<pomdpx version ="1.0" id="sample" xmlns:xsi="http://www.w3.org/2001/XMLSchema-instance"
      xsi:noNamespaceSchemaLocation="/Users/Milad/Documents/appl-0.96/doc/POMDPX/pomdpx.xsd">

<Description>POMDP model</Description>

<Discount>0.95</Discount>

<Variable>

<StateVar vnamePrev="ps_0" vnameCurr="ps_1" fullyObs="false">
<ValueEnum>a1 a2 a3 a4 a5 a6 a7 a8 a9 a10 a11 a12 a13 a14 a15 a16 a17 a18 a19 a20 a21</ValueEnum>
</StateVar>

<ObsVar vname="measurements">
<NumValues>21</NumValues>
</ObsVar>

<ActionVar vname="action_control">
<ValueEnum>a1 a2 a3 a4 a5 a6 a7 a8 a9 a10 a11 a12 a13 a14 a15 a16 a17 a18 a19 a20 a21</ValueEnum>
</ActionVar>

<RewardVar vname="reward_agent" />
</Variable>

<InitialStateBelief>
<CondProb>
<Var>ps_0</Var>
<Parent>null</Parent>
<Parameter type = "TBL">
<Entry>
<Instance>-</Instance>
<ProbTable>0.0476190476190476 0.0476190476190476 0.0476190476190476 0.0476190476190476 0.0476190476190476 0.0476190476190476 0.0476190476190476 0.0476190476190476 0.0476190476190476 0.0476190476190476 0.0476190476190476 0.0476190476190476 0.0476190476190476 0.0476190476190476 0.0476190476190476 0.0476190476190476 0.0476190476190476 0.0476190476190476 0.0476190476190476 0.0476190476190476 0.0476190476190476</ProbTable>
</Entry>
</Parameter>
</CondProb>

</InitialStateBelief>

<StateTransitionFunction>

<CondProb>
<Var>ps_1</Var>
<Parent>action_control ps_0</Parent>
<Parameter type="TBL">
<Entry>
<Instance>a1 - -</Instance>
<ProbTable>1.0000000000 0.0000000000 0.0000000000 0.0000000000 0.0000000000 0.0000000000 0.0000000000 0.0000000000 0.0000000000 0.0000000000 0.0000000000 0.0000000000 0.0000000000 0.0000000000 0.0000000000 0.0000000000 0.0000000000 0.0000000000 0.0000000000 0.0000000000 0.0000000000
0.0000000000 0.0089000000 0.5341000000 0.3636000000 0.0796000000 0.0120000000 0.0016000000 0.0002000000 0.0000000000 0.0000000000 0.0000000000 0.0000000000 0.0000000000 0.0000000000 0.0000000000 0.0000000000 0.0000000000 0.0000000000 0.0000000000 0.0000000000 0.0000000000
0.0000000000 0.0000000000 0.0128974205 0.1777644471 0.3282343531 0.2591481704 0.1346730654 0.0559888022 0.0205958808 0.0070985803 0.0023995201 0.0007998400 0.0002999400 0.0000999800 0.0000000000 0.0000000000 0.0000000000 0.0000000000 0.0000000000 0.0000000000 0.0000000000
0.0000000000 0.0000000000 0.0003000600 0.0220044009 0.1219243849 0.2255451090 0.2349469894 0.1759351870 0.1077215443 0.0581116223 0.0289057812 0.0136027205 0.0062012402 0.0028005601 0.0012002400 0.0005001000 0.0002000400 0.0001000200 0.0000000000 0.0000000000 0.0000000000
0.0000000000 0.0000000000 0.0000000000 0.0034000000 0.0372000000 0.1161000000 0.1855000000 0.1994000000 0.1670000000 0.1187000000 0.0755000000 0.0445000000 0.0249000000 0.0134000000 0.0070000000 0.0036000000 0.0019000000 0.0009000000 0.0005000000 0.0002000000 0.0003000000
0.0000000000 0.0000000000 0.0000000000 0.0008000800 0.0134013401 0.0591059106 0.1251125113 0.1704170417 0.1752175218 0.1493149315 0.1117111711 0.0762076208 0.0487048705 0.0297029703 0.0175017502 0.0100010001 0.0056005601 0.0031003100 0.0017001700 0.0010001000 0.0014001400
0.0000000000 0.0000000000 0.0000000000 0.0002999700 0.0060993901 0.0338966103 0.0864913509 0.1379862014 0.1627837216 0.1565843416 0.1304869513 0.0982901710 0.0686931307 0.0453954605 0.0287971203 0.0177982202 0.0106989301 0.0062993701 0.0036996300 0.0021997800 0.0034996500
0.0000000000 0.0000000000 0.0000000000 0.0001000100 0.0035003500 0.0224022402 0.0647064706 0.1147114711 0.1481148115 0.1542154215 0.1381138114 0.1109110911 0.0822082208 0.0574057406 0.0383038304 0.0247024702 0.0156015602 0.0096009601 0.0058005801 0.0035003500 0.0061006101
0.0000000000 0.0000000000 0.0000000000 0.0000999900 0.0023997600 0.0170982902 0.0530946905 0.1003899610 0.1370862914 0.1499850015 0.1403859614 0.1172882712 0.0901909809 0.0650934907 0.0447955204 0.0297970203 0.0192980702 0.0121987801 0.0075992401 0.0046995300 0.0084991501
0.0000000000 0.0000000000 0.0000000000 0.0000999800 0.0019996001 0.0146970606 0.0475904819 0.0929814037 0.1308738252 0.1469706059 0.1407718456 0.1200759848 0.0941811638 0.0691861628 0.0484903019 0.0326934613 0.0213957209 0.0137972406 0.0086982603 0.0053989202 0.0100979804
0.0000000000 0.0000000000 0.0000000000 0.0001000100 0.0019001900 0.0140014001 0.0460046005 0.0908090809 0.1289128913 0.1459145915 0.1408140814 0.1209120912 0.0953095310 0.0704070407 0.0496049605 0.0336033603 0.0221022102 0.0143014301 0.0090009001 0.0057005701 0.0106010601
0.0000000000 0.0000000000 0.0000000000 0.0001000000 0.0020000000 0.0146000000 0.0474000000 0.0928000000 0.1306000000 0.1468000000 0.1408000000 0.1202000000 0.0943000000 0.0694000000 0.0486000000 0.0328000000 0.0215000000 0.0138000000 0.0087000000 0.0054000000 0.0102000000
0.0000000000 0.0000000000 0.0000000000 0.0001000000 0.0023000000 0.0163000000 0.0514000000 0.0981000000 0.1352000000 0.1491000000 0.1405000000 0.1182000000 0.0914000000 0.0664000000 0.0459000000 0.0307000000 0.0199000000 0.0127000000 0.0079000000 0.0049000000 0.0090000000
0.0000000000 0.0000000000 0.0000000000 0.0001000000 0.0028000000 0.0192000000 0.0580000000 0.1065000000 0.1420000000 0.1521000000 0.1396000000 0.1147000000 0.0868000000 0.0618000000 0.0420000000 0.0275000000 0.0176000000 0.0110000000 0.0068000000 0.0041000000 0.0074000000
0.0000000000 0.0000000000 0.0000000000 0.0001000100 0.0037003700 0.0237023702 0.0673067307 0.1177117712 0.1502150215 0.1548154815 0.1374137414 0.1094109411 0.0805080508 0.0558055806 0.0370037004 0.0238023802 0.0149014901 0.0091009101 0.0055005501 0.0033003300 0.0057005701
0.0000000000 0.0000000000 0.0000000000 0.0001999600 0.0051989602 0.0300939812 0.0795840832 0.1310737852 0.1588682264 0.1564687063 0.1332733453 0.1022795441 0.0727854429 0.0488902220 0.0314937013 0.0196960608 0.0119976005 0.0071985603 0.0042991402 0.0024995001 0.0040991802
0.0000000000 0.0000000000 0.0000000000 0.0003000300 0.0074007401 0.0389038904 0.0949094909 0.1461146115 0.1669166917 0.1560156016 0.1268126813 0.0933093309 0.0639063906 0.0414041404 0.0259025903 0.0157015702 0.0093009301 0.0054005401 0.0031003100 0.0018001800 0.0028002800
0.0000000000 0.0000000000 0.0000000000 0.0006000600 0.0108010801 0.0508050805 0.1134113411 0.1617161716 0.1731173117 0.1527152715 0.1178117812 0.0827082708 0.0542054205 0.0338033803 0.0204020402 0.0119011901 0.0069006901 0.0039003900 0.0022002200 0.0012001200 0.0018001800
0.0000000000 0.0000000000 0.0000000000 0.0010000000 0.0159000000 0.0665000000 0.1346000000 0.1768000000 0.1761000000 0.1459000000 0.1064000000 0.0710000000 0.0444000000 0.0266000000 0.0154000000 0.0087000000 0.0048000000 0.0026000000 0.0014000000 0.0008000000 0.0011000000
0.0000000000 0.0000000000 0.0000000000 0.0017996401 0.0235952809 0.0864827035 0.1576684663 0.1895620876 0.1748650270 0.1353729254 0.0929814037 0.0586882623 0.0349930014 0.0199960008 0.0110977804 0.0059988002 0.0031993601 0.0016996601 0.0008998200 0.0004999000 0.0005998800
0.0000000000 0.0000000000 0.0000000000 0.0031003100 0.0346034603 0.1110111011 0.1812181218 0.1983198320 0.1687168717 0.1216121612 0.0783078308 0.0467046705 0.0264026403 0.0143014301 0.0076007601 0.0040004000 0.0020002000 0.0010001000 0.0005000500 0.0003000300 0.0003000300
</ProbTable>
</Entry>
<Entry>
<Instance>a2 - -</Instance>
<ProbTable>1.0000000000 0.0000000000 0.0000000000 0.0000000000 0.0000000000 0.0000000000 0.0000000000 0.0000000000 0.0000000000 0.0000000000 0.0000000000 0.0000000000 0.0000000000 0.0000000000 0.0000000000 0.0000000000 0.0000000000 0.0000000000 0.0000000000 0.0000000000 0.0000000000
1.0000000000 0.0000000000 0.0000000000 0.0000000000 0.0000000000 0.0000000000 0.0000000000 0.0000000000 0.0000000000 0.0000000000 0.0000000000 0.0000000000 0.0000000000 0.0000000000 0.0000000000 0.0000000000 0.0000000000 0.0000000000 0.0000000000 0.0000000000 0.0000000000
0.0000000000 0.0089000000 0.5341000000 0.3636000000 0.0796000000 0.0120000000 0.0016000000 0.0002000000 0.0000000000 0.0000000000 0.0000000000 0.0000000000 0.0000000000 0.0000000000 0.0000000000 0.0000000000 0.0000000000 0.0000000000 0.0000000000 0.0000000000 0.0000000000
0.0000000000 0.0000000000 0.0128974205 0.1777644471 0.3282343531 0.2591481704 0.1346730654 0.0559888022 0.0205958808 0.0070985803 0.0023995201 0.0007998400 0.0002999400 0.0000999800 0.0000000000 0.0000000000 0.0000000000 0.0000000000 0.0000000000 0.0000000000 0.0000000000
0.0000000000 0.0000000000 0.0003000600 0.0220044009 0.1219243849 0.2255451090 0.2349469894 0.1759351870 0.1077215443 0.0581116223 0.0289057812 0.0136027205 0.0062012402 0.0028005601 0.0012002400 0.0005001000 0.0002000400 0.0001000200 0.0000000000 0.0000000000 0.0000000000
0.0000000000 0.0000000000 0.0000000000 0.0034000000 0.0372000000 0.1161000000 0.1855000000 0.1994000000 0.1670000000 0.1187000000 0.0755000000 0.0445000000 0.0249000000 0.0134000000 0.0070000000 0.0036000000 0.0019000000 0.0009000000 0.0005000000 0.0002000000 0.0003000000
0.0000000000 0.0000000000 0.0000000000 0.0008000800 0.0134013401 0.0591059106 0.1251125113 0.1704170417 0.1752175218 0.1493149315 0.1117111711 0.0762076208 0.0487048705 0.0297029703 0.0175017502 0.0100010001 0.0056005601 0.0031003100 0.0017001700 0.0010001000 0.0014001400
0.0000000000 0.0000000000 0.0000000000 0.0002999700 0.0060993901 0.0338966103 0.0864913509 0.1379862014 0.1627837216 0.1565843416 0.1304869513 0.0982901710 0.0686931307 0.0453954605 0.0287971203 0.0177982202 0.0106989301 0.0062993701 0.0036996300 0.0021997800 0.0034996500
0.0000000000 0.0000000000 0.0000000000 0.0001000100 0.0035003500 0.0224022402 0.0647064706 0.1147114711 0.1481148115 0.1542154215 0.1381138114 0.1109110911 0.0822082208 0.0574057406 0.0383038304 0.0247024702 0.0156015602 0.0096009601 0.0058005801 0.0035003500 0.0061006101
0.0000000000 0.0000000000 0.0000000000 0.0000999900 0.0023997600 0.0170982902 0.0530946905 0.1003899610 0.1370862914 0.1499850015 0.1403859614 0.1172882712 0.0901909809 0.0650934907 0.0447955204 0.0297970203 0.0192980702 0.0121987801 0.0075992401 0.0046995300 0.0084991501
0.0000000000 0.0000000000 0.0000000000 0.0000999800 0.0019996001 0.0146970606 0.0475904819 0.0929814037 0.1308738252 0.1469706059 0.1407718456 0.1200759848 0.0941811638 0.0691861628 0.0484903019 0.0326934613 0.0213957209 0.0137972406 0.0086982603 0.0053989202 0.0100979804
0.0000000000 0.0000000000 0.0000000000 0.0001000100 0.0019001900 0.0140014001 0.0460046005 0.0908090809 0.1289128913 0.1459145915 0.1408140814 0.1209120912 0.0953095310 0.0704070407 0.0496049605 0.0336033603 0.0221022102 0.0143014301 0.0090009001 0.0057005701 0.0106010601
0.0000000000 0.0000000000 0.0000000000 0.0001000000 0.0020000000 0.0146000000 0.0474000000 0.0928000000 0.1306000000 0.1468000000 0.1408000000 0.1202000000 0.0943000000 0.0694000000 0.0486000000 0.0328000000 0.0215000000 0.0138000000 0.0087000000 0.0054000000 0.0102000000
0.0000000000 0.0000000000 0.0000000000 0.0001000000 0.0023000000 0.0163000000 0.0514000000 0.0981000000 0.1352000000 0.1491000000 0.1405000000 0.1182000000 0.0914000000 0.0664000000 0.0459000000 0.0307000000 0.0199000000 0.0127000000 0.0079000000 0.0049000000 0.0090000000
0.0000000000 0.0000000000 0.0000000000 0.0001000000 0.0028000000 0.0192000000 0.0580000000 0.1065000000 0.1420000000 0.1521000000 0.1396000000 0.1147000000 0.0868000000 0.0618000000 0.0420000000 0.0275000000 0.0176000000 0.0110000000 0.0068000000 0.0041000000 0.0074000000
0.0000000000 0.0000000000 0.0000000000 0.0001000100 0.0037003700 0.0237023702 0.0673067307 0.1177117712 0.1502150215 0.1548154815 0.1374137414 0.1094109411 0.0805080508 0.0558055806 0.0370037004 0.0238023802 0.0149014901 0.0091009101 0.0055005501 0.0033003300 0.0057005701
0.0000000000 0.0000000000 0.0000000000 0.0001999600 0.0051989602 0.0300939812 0.0795840832 0.1310737852 0.1588682264 0.1564687063 0.1332733453 0.1022795441 0.0727854429 0.0488902220 0.0314937013 0.0196960608 0.0119976005 0.0071985603 0.0042991402 0.0024995001 0.0040991802
0.0000000000 0.0000000000 0.0000000000 0.0003000300 0.0074007401 0.0389038904 0.0949094909 0.1461146115 0.1669166917 0.1560156016 0.1268126813 0.0933093309 0.0639063906 0.0414041404 0.0259025903 0.0157015702 0.0093009301 0.0054005401 0.0031003100 0.0018001800 0.0028002800
0.0000000000 0.0000000000 0.0000000000 0.0006000600 0.0108010801 0.0508050805 0.1134113411 0.1617161716 0.1731173117 0.1527152715 0.1178117812 0.0827082708 0.0542054205 0.0338033803 0.0204020402 0.0119011901 0.0069006901 0.0039003900 0.0022002200 0.0012001200 0.0018001800
0.0000000000 0.0000000000 0.0000000000 0.0010000000 0.0159000000 0.0665000000 0.1346000000 0.1768000000 0.1761000000 0.1459000000 0.1064000000 0.0710000000 0.0444000000 0.0266000000 0.0154000000 0.0087000000 0.0048000000 0.0026000000 0.0014000000 0.0008000000 0.0011000000
0.0000000000 0.0000000000 0.0000000000 0.0017996401 0.0235952809 0.0864827035 0.1576684663 0.1895620876 0.1748650270 0.1353729254 0.0929814037 0.0586882623 0.0349930014 0.0199960008 0.0110977804 0.0059988002 0.0031993601 0.0016996601 0.0008998200 0.0004999000 0.0005998800
</ProbTable>
</Entry>
<Entry>
<Instance>a3 - -</Instance>
<ProbTable>1.0000000000 0.0000000000 0.0000000000 0.0000000000 0.0000000000 0.0000000000 0.0000000000 0.0000000000 0.0000000000 0.0000000000 0.0000000000 0.0000000000 0.0000000000 0.0000000000 0.0000000000 0.0000000000 0.0000000000 0.0000000000 0.0000000000 0.0000000000 0.0000000000
1.0000000000 0.0000000000 0.0000000000 0.0000000000 0.0000000000 0.0000000000 0.0000000000 0.0000000000 0.0000000000 0.0000000000 0.0000000000 0.0000000000 0.0000000000 0.0000000000 0.0000000000 0.0000000000 0.0000000000 0.0000000000 0.0000000000 0.0000000000 0.0000000000
1.0000000000 0.0000000000 0.0000000000 0.0000000000 0.0000000000 0.0000000000 0.0000000000 0.0000000000 0.0000000000 0.0000000000 0.0000000000 0.0000000000 0.0000000000 0.0000000000 0.0000000000 0.0000000000 0.0000000000 0.0000000000 0.0000000000 0.0000000000 0.0000000000
0.0000000000 0.0089000000 0.5341000000 0.3636000000 0.0796000000 0.0120000000 0.0016000000 0.0002000000 0.0000000000 0.0000000000 0.0000000000 0.0000000000 0.0000000000 0.0000000000 0.0000000000 0.0000000000 0.0000000000 0.0000000000 0.0000000000 0.0000000000 0.0000000000
0.0000000000 0.0000000000 0.0128974205 0.1777644471 0.3282343531 0.2591481704 0.1346730654 0.0559888022 0.0205958808 0.0070985803 0.0023995201 0.0007998400 0.0002999400 0.0000999800 0.0000000000 0.0000000000 0.0000000000 0.0000000000 0.0000000000 0.0000000000 0.0000000000
0.0000000000 0.0000000000 0.0003000600 0.0220044009 0.1219243849 0.2255451090 0.2349469894 0.1759351870 0.1077215443 0.0581116223 0.0289057812 0.0136027205 0.0062012402 0.0028005601 0.0012002400 0.0005001000 0.0002000400 0.0001000200 0.0000000000 0.0000000000 0.0000000000
0.0000000000 0.0000000000 0.0000000000 0.0034000000 0.0372000000 0.1161000000 0.1855000000 0.1994000000 0.1670000000 0.1187000000 0.0755000000 0.0445000000 0.0249000000 0.0134000000 0.0070000000 0.0036000000 0.0019000000 0.0009000000 0.0005000000 0.0002000000 0.0003000000
0.0000000000 0.0000000000 0.0000000000 0.0008000800 0.0134013401 0.0591059106 0.1251125113 0.1704170417 0.1752175218 0.1493149315 0.1117111711 0.0762076208 0.0487048705 0.0297029703 0.0175017502 0.0100010001 0.0056005601 0.0031003100 0.0017001700 0.0010001000 0.0014001400
0.0000000000 0.0000000000 0.0000000000 0.0002999700 0.0060993901 0.0338966103 0.0864913509 0.1379862014 0.1627837216 0.1565843416 0.1304869513 0.0982901710 0.0686931307 0.0453954605 0.0287971203 0.0177982202 0.0106989301 0.0062993701 0.0036996300 0.0021997800 0.0034996500
0.0000000000 0.0000000000 0.0000000000 0.0001000100 0.0035003500 0.0224022402 0.0647064706 0.1147114711 0.1481148115 0.1542154215 0.1381138114 0.1109110911 0.0822082208 0.0574057406 0.0383038304 0.0247024702 0.0156015602 0.0096009601 0.0058005801 0.0035003500 0.0061006101
0.0000000000 0.0000000000 0.0000000000 0.0000999900 0.0023997600 0.0170982902 0.0530946905 0.1003899610 0.1370862914 0.1499850015 0.1403859614 0.1172882712 0.0901909809 0.0650934907 0.0447955204 0.0297970203 0.0192980702 0.0121987801 0.0075992401 0.0046995300 0.0084991501
0.0000000000 0.0000000000 0.0000000000 0.0000999800 0.0019996001 0.0146970606 0.0475904819 0.0929814037 0.1308738252 0.1469706059 0.1407718456 0.1200759848 0.0941811638 0.0691861628 0.0484903019 0.0326934613 0.0213957209 0.0137972406 0.0086982603 0.0053989202 0.0100979804
0.0000000000 0.0000000000 0.0000000000 0.0001000100 0.0019001900 0.0140014001 0.0460046005 0.0908090809 0.1289128913 0.1459145915 0.1408140814 0.1209120912 0.0953095310 0.0704070407 0.0496049605 0.0336033603 0.0221022102 0.0143014301 0.0090009001 0.0057005701 0.0106010601
0.0000000000 0.0000000000 0.0000000000 0.0001000000 0.0020000000 0.0146000000 0.0474000000 0.0928000000 0.1306000000 0.1468000000 0.1408000000 0.1202000000 0.0943000000 0.0694000000 0.0486000000 0.0328000000 0.0215000000 0.0138000000 0.0087000000 0.0054000000 0.0102000000
0.0000000000 0.0000000000 0.0000000000 0.0001000000 0.0023000000 0.0163000000 0.0514000000 0.0981000000 0.1352000000 0.1491000000 0.1405000000 0.1182000000 0.0914000000 0.0664000000 0.0459000000 0.0307000000 0.0199000000 0.0127000000 0.0079000000 0.0049000000 0.0090000000
0.0000000000 0.0000000000 0.0000000000 0.0001000000 0.0028000000 0.0192000000 0.0580000000 0.1065000000 0.1420000000 0.1521000000 0.1396000000 0.1147000000 0.0868000000 0.0618000000 0.0420000000 0.0275000000 0.0176000000 0.0110000000 0.0068000000 0.0041000000 0.0074000000
0.0000000000 0.0000000000 0.0000000000 0.0001000100 0.0037003700 0.0237023702 0.0673067307 0.1177117712 0.1502150215 0.1548154815 0.1374137414 0.1094109411 0.0805080508 0.0558055806 0.0370037004 0.0238023802 0.0149014901 0.0091009101 0.0055005501 0.0033003300 0.0057005701
0.0000000000 0.0000000000 0.0000000000 0.0001999600 0.0051989602 0.0300939812 0.0795840832 0.1310737852 0.1588682264 0.1564687063 0.1332733453 0.1022795441 0.0727854429 0.0488902220 0.0314937013 0.0196960608 0.0119976005 0.0071985603 0.0042991402 0.0024995001 0.0040991802
0.0000000000 0.0000000000 0.0000000000 0.0003000300 0.0074007401 0.0389038904 0.0949094909 0.1461146115 0.1669166917 0.1560156016 0.1268126813 0.0933093309 0.0639063906 0.0414041404 0.0259025903 0.0157015702 0.0093009301 0.0054005401 0.0031003100 0.0018001800 0.0028002800
0.0000000000 0.0000000000 0.0000000000 0.0006000600 0.0108010801 0.0508050805 0.1134113411 0.1617161716 0.1731173117 0.1527152715 0.1178117812 0.0827082708 0.0542054205 0.0338033803 0.0204020402 0.0119011901 0.0069006901 0.0039003900 0.0022002200 0.0012001200 0.0018001800
0.0000000000 0.0000000000 0.0000000000 0.0010000000 0.0159000000 0.0665000000 0.1346000000 0.1768000000 0.1761000000 0.1459000000 0.1064000000 0.0710000000 0.0444000000 0.0266000000 0.0154000000 0.0087000000 0.0048000000 0.0026000000 0.0014000000 0.0008000000 0.0011000000
</ProbTable>
</Entry>
<Entry>
<Instance>a4 - -</Instance>
<ProbTable>1.0000000000 0.0000000000 0.0000000000 0.0000000000 0.0000000000 0.0000000000 0.0000000000 0.0000000000 0.0000000000 0.0000000000 0.0000000000 0.0000000000 0.0000000000 0.0000000000 0.0000000000 0.0000000000 0.0000000000 0.0000000000 0.0000000000 0.0000000000 0.0000000000
1.0000000000 0.0000000000 0.0000000000 0.0000000000 0.0000000000 0.0000000000 0.0000000000 0.0000000000 0.0000000000 0.0000000000 0.0000000000 0.0000000000 0.0000000000 0.0000000000 0.0000000000 0.0000000000 0.0000000000 0.0000000000 0.0000000000 0.0000000000 0.0000000000
1.0000000000 0.0000000000 0.0000000000 0.0000000000 0.0000000000 0.0000000000 0.0000000000 0.0000000000 0.0000000000 0.0000000000 0.0000000000 0.0000000000 0.0000000000 0.0000000000 0.0000000000 0.0000000000 0.0000000000 0.0000000000 0.0000000000 0.0000000000 0.0000000000
1.0000000000 0.0000000000 0.0000000000 0.0000000000 0.0000000000 0.0000000000 0.0000000000 0.0000000000 0.0000000000 0.0000000000 0.0000000000 0.0000000000 0.0000000000 0.0000000000 0.0000000000 0.0000000000 0.0000000000 0.0000000000 0.0000000000 0.0000000000 0.0000000000
0.0000000000 0.0089000000 0.5341000000 0.3636000000 0.0796000000 0.0120000000 0.0016000000 0.0002000000 0.0000000000 0.0000000000 0.0000000000 0.0000000000 0.0000000000 0.0000000000 0.0000000000 0.0000000000 0.0000000000 0.0000000000 0.0000000000 0.0000000000 0.0000000000
0.0000000000 0.0000000000 0.0128974205 0.1777644471 0.3282343531 0.2591481704 0.1346730654 0.0559888022 0.0205958808 0.0070985803 0.0023995201 0.0007998400 0.0002999400 0.0000999800 0.0000000000 0.0000000000 0.0000000000 0.0000000000 0.0000000000 0.0000000000 0.0000000000
0.0000000000 0.0000000000 0.0003000600 0.0220044009 0.1219243849 0.2255451090 0.2349469894 0.1759351870 0.1077215443 0.0581116223 0.0289057812 0.0136027205 0.0062012402 0.0028005601 0.0012002400 0.0005001000 0.0002000400 0.0001000200 0.0000000000 0.0000000000 0.0000000000
0.0000000000 0.0000000000 0.0000000000 0.0034000000 0.0372000000 0.1161000000 0.1855000000 0.1994000000 0.1670000000 0.1187000000 0.0755000000 0.0445000000 0.0249000000 0.0134000000 0.0070000000 0.0036000000 0.0019000000 0.0009000000 0.0005000000 0.0002000000 0.0003000000
0.0000000000 0.0000000000 0.0000000000 0.0008000800 0.0134013401 0.0591059106 0.1251125113 0.1704170417 0.1752175218 0.1493149315 0.1117111711 0.0762076208 0.0487048705 0.0297029703 0.0175017502 0.0100010001 0.0056005601 0.0031003100 0.0017001700 0.0010001000 0.0014001400
0.0000000000 0.0000000000 0.0000000000 0.0002999700 0.0060993901 0.0338966103 0.0864913509 0.1379862014 0.1627837216 0.1565843416 0.1304869513 0.0982901710 0.0686931307 0.0453954605 0.0287971203 0.0177982202 0.0106989301 0.0062993701 0.0036996300 0.0021997800 0.0034996500
0.0000000000 0.0000000000 0.0000000000 0.0001000100 0.0035003500 0.0224022402 0.0647064706 0.1147114711 0.1481148115 0.1542154215 0.1381138114 0.1109110911 0.0822082208 0.0574057406 0.0383038304 0.0247024702 0.0156015602 0.0096009601 0.0058005801 0.0035003500 0.0061006101
0.0000000000 0.0000000000 0.0000000000 0.0000999900 0.0023997600 0.0170982902 0.0530946905 0.1003899610 0.1370862914 0.1499850015 0.1403859614 0.1172882712 0.0901909809 0.0650934907 0.0447955204 0.0297970203 0.0192980702 0.0121987801 0.0075992401 0.0046995300 0.0084991501
0.0000000000 0.0000000000 0.0000000000 0.0000999800 0.0019996001 0.0146970606 0.0475904819 0.0929814037 0.1308738252 0.1469706059 0.1407718456 0.1200759848 0.0941811638 0.0691861628 0.0484903019 0.0326934613 0.0213957209 0.0137972406 0.0086982603 0.0053989202 0.0100979804
0.0000000000 0.0000000000 0.0000000000 0.0001000100 0.0019001900 0.0140014001 0.0460046005 0.0908090809 0.1289128913 0.1459145915 0.1408140814 0.1209120912 0.0953095310 0.0704070407 0.0496049605 0.0336033603 0.0221022102 0.0143014301 0.0090009001 0.0057005701 0.0106010601
0.0000000000 0.0000000000 0.0000000000 0.0001000000 0.0020000000 0.0146000000 0.0474000000 0.0928000000 0.1306000000 0.1468000000 0.1408000000 0.1202000000 0.0943000000 0.0694000000 0.0486000000 0.0328000000 0.0215000000 0.0138000000 0.0087000000 0.0054000000 0.0102000000
0.0000000000 0.0000000000 0.0000000000 0.0001000000 0.0023000000 0.0163000000 0.0514000000 0.0981000000 0.1352000000 0.1491000000 0.1405000000 0.1182000000 0.0914000000 0.0664000000 0.0459000000 0.0307000000 0.0199000000 0.0127000000 0.0079000000 0.0049000000 0.0090000000
0.0000000000 0.0000000000 0.0000000000 0.0001000000 0.0028000000 0.0192000000 0.0580000000 0.1065000000 0.1420000000 0.1521000000 0.1396000000 0.1147000000 0.0868000000 0.0618000000 0.0420000000 0.0275000000 0.0176000000 0.0110000000 0.0068000000 0.0041000000 0.0074000000
0.0000000000 0.0000000000 0.0000000000 0.0001000100 0.0037003700 0.0237023702 0.0673067307 0.1177117712 0.1502150215 0.1548154815 0.1374137414 0.1094109411 0.0805080508 0.0558055806 0.0370037004 0.0238023802 0.0149014901 0.0091009101 0.0055005501 0.0033003300 0.0057005701
0.0000000000 0.0000000000 0.0000000000 0.0001999600 0.0051989602 0.0300939812 0.0795840832 0.1310737852 0.1588682264 0.1564687063 0.1332733453 0.1022795441 0.0727854429 0.0488902220 0.0314937013 0.0196960608 0.0119976005 0.0071985603 0.0042991402 0.0024995001 0.0040991802
0.0000000000 0.0000000000 0.0000000000 0.0003000300 0.0074007401 0.0389038904 0.0949094909 0.1461146115 0.1669166917 0.1560156016 0.1268126813 0.0933093309 0.0639063906 0.0414041404 0.0259025903 0.0157015702 0.0093009301 0.0054005401 0.0031003100 0.0018001800 0.0028002800
0.0000000000 0.0000000000 0.0000000000 0.0006000600 0.0108010801 0.0508050805 0.1134113411 0.1617161716 0.1731173117 0.1527152715 0.1178117812 0.0827082708 0.0542054205 0.0338033803 0.0204020402 0.0119011901 0.0069006901 0.0039003900 0.0022002200 0.0012001200 0.0018001800
</ProbTable>
</Entry>
<Entry>
<Instance>a5 - -</Instance>
<ProbTable>1.0000000000 0.0000000000 0.0000000000 0.0000000000 0.0000000000 0.0000000000 0.0000000000 0.0000000000 0.0000000000 0.0000000000 0.0000000000 0.0000000000 0.0000000000 0.0000000000 0.0000000000 0.0000000000 0.0000000000 0.0000000000 0.0000000000 0.0000000000 0.0000000000
1.0000000000 0.0000000000 0.0000000000 0.0000000000 0.0000000000 0.0000000000 0.0000000000 0.0000000000 0.0000000000 0.0000000000 0.0000000000 0.0000000000 0.0000000000 0.0000000000 0.0000000000 0.0000000000 0.0000000000 0.0000000000 0.0000000000 0.0000000000 0.0000000000
1.0000000000 0.0000000000 0.0000000000 0.0000000000 0.0000000000 0.0000000000 0.0000000000 0.0000000000 0.0000000000 0.0000000000 0.0000000000 0.0000000000 0.0000000000 0.0000000000 0.0000000000 0.0000000000 0.0000000000 0.0000000000 0.0000000000 0.0000000000 0.0000000000
1.0000000000 0.0000000000 0.0000000000 0.0000000000 0.0000000000 0.0000000000 0.0000000000 0.0000000000 0.0000000000 0.0000000000 0.0000000000 0.0000000000 0.0000000000 0.0000000000 0.0000000000 0.0000000000 0.0000000000 0.0000000000 0.0000000000 0.0000000000 0.0000000000
1.0000000000 0.0000000000 0.0000000000 0.0000000000 0.0000000000 0.0000000000 0.0000000000 0.0000000000 0.0000000000 0.0000000000 0.0000000000 0.0000000000 0.0000000000 0.0000000000 0.0000000000 0.0000000000 0.0000000000 0.0000000000 0.0000000000 0.0000000000 0.0000000000
0.0000000000 0.0089000000 0.5341000000 0.3636000000 0.0796000000 0.0120000000 0.0016000000 0.0002000000 0.0000000000 0.0000000000 0.0000000000 0.0000000000 0.0000000000 0.0000000000 0.0000000000 0.0000000000 0.0000000000 0.0000000000 0.0000000000 0.0000000000 0.0000000000
0.0000000000 0.0000000000 0.0128974205 0.1777644471 0.3282343531 0.2591481704 0.1346730654 0.0559888022 0.0205958808 0.0070985803 0.0023995201 0.0007998400 0.0002999400 0.0000999800 0.0000000000 0.0000000000 0.0000000000 0.0000000000 0.0000000000 0.0000000000 0.0000000000
0.0000000000 0.0000000000 0.0003000600 0.0220044009 0.1219243849 0.2255451090 0.2349469894 0.1759351870 0.1077215443 0.0581116223 0.0289057812 0.0136027205 0.0062012402 0.0028005601 0.0012002400 0.0005001000 0.0002000400 0.0001000200 0.0000000000 0.0000000000 0.0000000000
0.0000000000 0.0000000000 0.0000000000 0.0034000000 0.0372000000 0.1161000000 0.1855000000 0.1994000000 0.1670000000 0.1187000000 0.0755000000 0.0445000000 0.0249000000 0.0134000000 0.0070000000 0.0036000000 0.0019000000 0.0009000000 0.0005000000 0.0002000000 0.0003000000
0.0000000000 0.0000000000 0.0000000000 0.0008000800 0.0134013401 0.0591059106 0.1251125113 0.1704170417 0.1752175218 0.1493149315 0.1117111711 0.0762076208 0.0487048705 0.0297029703 0.0175017502 0.0100010001 0.0056005601 0.0031003100 0.0017001700 0.0010001000 0.0014001400
0.0000000000 0.0000000000 0.0000000000 0.0002999700 0.0060993901 0.0338966103 0.0864913509 0.1379862014 0.1627837216 0.1565843416 0.1304869513 0.0982901710 0.0686931307 0.0453954605 0.0287971203 0.0177982202 0.0106989301 0.0062993701 0.0036996300 0.0021997800 0.0034996500
0.0000000000 0.0000000000 0.0000000000 0.0001000100 0.0035003500 0.0224022402 0.0647064706 0.1147114711 0.1481148115 0.1542154215 0.1381138114 0.1109110911 0.0822082208 0.0574057406 0.0383038304 0.0247024702 0.0156015602 0.0096009601 0.0058005801 0.0035003500 0.0061006101
0.0000000000 0.0000000000 0.0000000000 0.0000999900 0.0023997600 0.0170982902 0.0530946905 0.1003899610 0.1370862914 0.1499850015 0.1403859614 0.1172882712 0.0901909809 0.0650934907 0.0447955204 0.0297970203 0.0192980702 0.0121987801 0.0075992401 0.0046995300 0.0084991501
0.0000000000 0.0000000000 0.0000000000 0.0000999800 0.0019996001 0.0146970606 0.0475904819 0.0929814037 0.1308738252 0.1469706059 0.1407718456 0.1200759848 0.0941811638 0.0691861628 0.0484903019 0.0326934613 0.0213957209 0.0137972406 0.0086982603 0.0053989202 0.0100979804
0.0000000000 0.0000000000 0.0000000000 0.0001000100 0.0019001900 0.0140014001 0.0460046005 0.0908090809 0.1289128913 0.1459145915 0.1408140814 0.1209120912 0.0953095310 0.0704070407 0.0496049605 0.0336033603 0.0221022102 0.0143014301 0.0090009001 0.0057005701 0.0106010601
0.0000000000 0.0000000000 0.0000000000 0.0001000000 0.0020000000 0.0146000000 0.0474000000 0.0928000000 0.1306000000 0.1468000000 0.1408000000 0.1202000000 0.0943000000 0.0694000000 0.0486000000 0.0328000000 0.0215000000 0.0138000000 0.0087000000 0.0054000000 0.0102000000
0.0000000000 0.0000000000 0.0000000000 0.0001000000 0.0023000000 0.0163000000 0.0514000000 0.0981000000 0.1352000000 0.1491000000 0.1405000000 0.1182000000 0.0914000000 0.0664000000 0.0459000000 0.0307000000 0.0199000000 0.0127000000 0.0079000000 0.0049000000 0.0090000000
0.0000000000 0.0000000000 0.0000000000 0.0001000000 0.0028000000 0.0192000000 0.0580000000 0.1065000000 0.1420000000 0.1521000000 0.1396000000 0.1147000000 0.0868000000 0.0618000000 0.0420000000 0.0275000000 0.0176000000 0.0110000000 0.0068000000 0.0041000000 0.0074000000
0.0000000000 0.0000000000 0.0000000000 0.0001000100 0.0037003700 0.0237023702 0.0673067307 0.1177117712 0.1502150215 0.1548154815 0.1374137414 0.1094109411 0.0805080508 0.0558055806 0.0370037004 0.0238023802 0.0149014901 0.0091009101 0.0055005501 0.0033003300 0.0057005701
0.0000000000 0.0000000000 0.0000000000 0.0001999600 0.0051989602 0.0300939812 0.0795840832 0.1310737852 0.1588682264 0.1564687063 0.1332733453 0.1022795441 0.0727854429 0.0488902220 0.0314937013 0.0196960608 0.0119976005 0.0071985603 0.0042991402 0.0024995001 0.0040991802
0.0000000000 0.0000000000 0.0000000000 0.0003000300 0.0074007401 0.0389038904 0.0949094909 0.1461146115 0.1669166917 0.1560156016 0.1268126813 0.0933093309 0.0639063906 0.0414041404 0.0259025903 0.0157015702 0.0093009301 0.0054005401 0.0031003100 0.0018001800 0.0028002800
</ProbTable>
</Entry>
<Entry>
<Instance>a6 - -</Instance>
<ProbTable>1.0000000000 0.0000000000 0.0000000000 0.0000000000 0.0000000000 0.0000000000 0.0000000000 0.0000000000 0.0000000000 0.0000000000 0.0000000000 0.0000000000 0.0000000000 0.0000000000 0.0000000000 0.0000000000 0.0000000000 0.0000000000 0.0000000000 0.0000000000 0.0000000000
1.0000000000 0.0000000000 0.0000000000 0.0000000000 0.0000000000 0.0000000000 0.0000000000 0.0000000000 0.0000000000 0.0000000000 0.0000000000 0.0000000000 0.0000000000 0.0000000000 0.0000000000 0.0000000000 0.0000000000 0.0000000000 0.0000000000 0.0000000000 0.0000000000
1.0000000000 0.0000000000 0.0000000000 0.0000000000 0.0000000000 0.0000000000 0.0000000000 0.0000000000 0.0000000000 0.0000000000 0.0000000000 0.0000000000 0.0000000000 0.0000000000 0.0000000000 0.0000000000 0.0000000000 0.0000000000 0.0000000000 0.0000000000 0.0000000000
1.0000000000 0.0000000000 0.0000000000 0.0000000000 0.0000000000 0.0000000000 0.0000000000 0.0000000000 0.0000000000 0.0000000000 0.0000000000 0.0000000000 0.0000000000 0.0000000000 0.0000000000 0.0000000000 0.0000000000 0.0000000000 0.0000000000 0.0000000000 0.0000000000
1.0000000000 0.0000000000 0.0000000000 0.0000000000 0.0000000000 0.0000000000 0.0000000000 0.0000000000 0.0000000000 0.0000000000 0.0000000000 0.0000000000 0.0000000000 0.0000000000 0.0000000000 0.0000000000 0.0000000000 0.0000000000 0.0000000000 0.0000000000 0.0000000000
1.0000000000 0.0000000000 0.0000000000 0.0000000000 0.0000000000 0.0000000000 0.0000000000 0.0000000000 0.0000000000 0.0000000000 0.0000000000 0.0000000000 0.0000000000 0.0000000000 0.0000000000 0.0000000000 0.0000000000 0.0000000000 0.0000000000 0.0000000000 0.0000000000
0.0000000000 0.0089000000 0.5341000000 0.3636000000 0.0796000000 0.0120000000 0.0016000000 0.0002000000 0.0000000000 0.0000000000 0.0000000000 0.0000000000 0.0000000000 0.0000000000 0.0000000000 0.0000000000 0.0000000000 0.0000000000 0.0000000000 0.0000000000 0.0000000000
0.0000000000 0.0000000000 0.0128974205 0.1777644471 0.3282343531 0.2591481704 0.1346730654 0.0559888022 0.0205958808 0.0070985803 0.0023995201 0.0007998400 0.0002999400 0.0000999800 0.0000000000 0.0000000000 0.0000000000 0.0000000000 0.0000000000 0.0000000000 0.0000000000
0.0000000000 0.0000000000 0.0003000600 0.0220044009 0.1219243849 0.2255451090 0.2349469894 0.1759351870 0.1077215443 0.0581116223 0.0289057812 0.0136027205 0.0062012402 0.0028005601 0.0012002400 0.0005001000 0.0002000400 0.0001000200 0.0000000000 0.0000000000 0.0000000000
0.0000000000 0.0000000000 0.0000000000 0.0034000000 0.0372000000 0.1161000000 0.1855000000 0.1994000000 0.1670000000 0.1187000000 0.0755000000 0.0445000000 0.0249000000 0.0134000000 0.0070000000 0.0036000000 0.0019000000 0.0009000000 0.0005000000 0.0002000000 0.0003000000
0.0000000000 0.0000000000 0.0000000000 0.0008000800 0.0134013401 0.0591059106 0.1251125113 0.1704170417 0.1752175218 0.1493149315 0.1117111711 0.0762076208 0.0487048705 0.0297029703 0.0175017502 0.0100010001 0.0056005601 0.0031003100 0.0017001700 0.0010001000 0.0014001400
0.0000000000 0.0000000000 0.0000000000 0.0002999700 0.0060993901 0.0338966103 0.0864913509 0.1379862014 0.1627837216 0.1565843416 0.1304869513 0.0982901710 0.0686931307 0.0453954605 0.0287971203 0.0177982202 0.0106989301 0.0062993701 0.0036996300 0.0021997800 0.0034996500
0.0000000000 0.0000000000 0.0000000000 0.0001000100 0.0035003500 0.0224022402 0.0647064706 0.1147114711 0.1481148115 0.1542154215 0.1381138114 0.1109110911 0.0822082208 0.0574057406 0.0383038304 0.0247024702 0.0156015602 0.0096009601 0.0058005801 0.0035003500 0.0061006101
0.0000000000 0.0000000000 0.0000000000 0.0000999900 0.0023997600 0.0170982902 0.0530946905 0.1003899610 0.1370862914 0.1499850015 0.1403859614 0.1172882712 0.0901909809 0.0650934907 0.0447955204 0.0297970203 0.0192980702 0.0121987801 0.0075992401 0.0046995300 0.0084991501
0.0000000000 0.0000000000 0.0000000000 0.0000999800 0.0019996001 0.0146970606 0.0475904819 0.0929814037 0.1308738252 0.1469706059 0.1407718456 0.1200759848 0.0941811638 0.0691861628 0.0484903019 0.0326934613 0.0213957209 0.0137972406 0.0086982603 0.0053989202 0.0100979804
0.0000000000 0.0000000000 0.0000000000 0.0001000100 0.0019001900 0.0140014001 0.0460046005 0.0908090809 0.1289128913 0.1459145915 0.1408140814 0.1209120912 0.0953095310 0.0704070407 0.0496049605 0.0336033603 0.0221022102 0.0143014301 0.0090009001 0.0057005701 0.0106010601
0.0000000000 0.0000000000 0.0000000000 0.0001000000 0.0020000000 0.0146000000 0.0474000000 0.0928000000 0.1306000000 0.1468000000 0.1408000000 0.1202000000 0.0943000000 0.0694000000 0.0486000000 0.0328000000 0.0215000000 0.0138000000 0.0087000000 0.0054000000 0.0102000000
0.0000000000 0.0000000000 0.0000000000 0.0001000000 0.0023000000 0.0163000000 0.0514000000 0.0981000000 0.1352000000 0.1491000000 0.1405000000 0.1182000000 0.0914000000 0.0664000000 0.0459000000 0.0307000000 0.0199000000 0.0127000000 0.0079000000 0.0049000000 0.0090000000
0.0000000000 0.0000000000 0.0000000000 0.0001000000 0.0028000000 0.0192000000 0.0580000000 0.1065000000 0.1420000000 0.1521000000 0.1396000000 0.1147000000 0.0868000000 0.0618000000 0.0420000000 0.0275000000 0.0176000000 0.0110000000 0.0068000000 0.0041000000 0.0074000000
0.0000000000 0.0000000000 0.0000000000 0.0001000100 0.0037003700 0.0237023702 0.0673067307 0.1177117712 0.1502150215 0.1548154815 0.1374137414 0.1094109411 0.0805080508 0.0558055806 0.0370037004 0.0238023802 0.0149014901 0.0091009101 0.0055005501 0.0033003300 0.0057005701
0.0000000000 0.0000000000 0.0000000000 0.0001999600 0.0051989602 0.0300939812 0.0795840832 0.1310737852 0.1588682264 0.1564687063 0.1332733453 0.1022795441 0.0727854429 0.0488902220 0.0314937013 0.0196960608 0.0119976005 0.0071985603 0.0042991402 0.0024995001 0.0040991802
</ProbTable>
</Entry>
<Entry>
<Instance>a7 - -</Instance>
<ProbTable>1.0000000000 0.0000000000 0.0000000000 0.0000000000 0.0000000000 0.0000000000 0.0000000000 0.0000000000 0.0000000000 0.0000000000 0.0000000000 0.0000000000 0.0000000000 0.0000000000 0.0000000000 0.0000000000 0.0000000000 0.0000000000 0.0000000000 0.0000000000 0.0000000000
1.0000000000 0.0000000000 0.0000000000 0.0000000000 0.0000000000 0.0000000000 0.0000000000 0.0000000000 0.0000000000 0.0000000000 0.0000000000 0.0000000000 0.0000000000 0.0000000000 0.0000000000 0.0000000000 0.0000000000 0.0000000000 0.0000000000 0.0000000000 0.0000000000
1.0000000000 0.0000000000 0.0000000000 0.0000000000 0.0000000000 0.0000000000 0.0000000000 0.0000000000 0.0000000000 0.0000000000 0.0000000000 0.0000000000 0.0000000000 0.0000000000 0.0000000000 0.0000000000 0.0000000000 0.0000000000 0.0000000000 0.0000000000 0.0000000000
1.0000000000 0.0000000000 0.0000000000 0.0000000000 0.0000000000 0.0000000000 0.0000000000 0.0000000000 0.0000000000 0.0000000000 0.0000000000 0.0000000000 0.0000000000 0.0000000000 0.0000000000 0.0000000000 0.0000000000 0.0000000000 0.0000000000 0.0000000000 0.0000000000
1.0000000000 0.0000000000 0.0000000000 0.0000000000 0.0000000000 0.0000000000 0.0000000000 0.0000000000 0.0000000000 0.0000000000 0.0000000000 0.0000000000 0.0000000000 0.0000000000 0.0000000000 0.0000000000 0.0000000000 0.0000000000 0.0000000000 0.0000000000 0.0000000000
1.0000000000 0.0000000000 0.0000000000 0.0000000000 0.0000000000 0.0000000000 0.0000000000 0.0000000000 0.0000000000 0.0000000000 0.0000000000 0.0000000000 0.0000000000 0.0000000000 0.0000000000 0.0000000000 0.0000000000 0.0000000000 0.0000000000 0.0000000000 0.0000000000
1.0000000000 0.0000000000 0.0000000000 0.0000000000 0.0000000000 0.0000000000 0.0000000000 0.0000000000 0.0000000000 0.0000000000 0.0000000000 0.0000000000 0.0000000000 0.0000000000 0.0000000000 0.0000000000 0.0000000000 0.0000000000 0.0000000000 0.0000000000 0.0000000000
0.0000000000 0.0089000000 0.5341000000 0.3636000000 0.0796000000 0.0120000000 0.0016000000 0.0002000000 0.0000000000 0.0000000000 0.0000000000 0.0000000000 0.0000000000 0.0000000000 0.0000000000 0.0000000000 0.0000000000 0.0000000000 0.0000000000 0.0000000000 0.0000000000
0.0000000000 0.0000000000 0.0128974205 0.1777644471 0.3282343531 0.2591481704 0.1346730654 0.0559888022 0.0205958808 0.0070985803 0.0023995201 0.0007998400 0.0002999400 0.0000999800 0.0000000000 0.0000000000 0.0000000000 0.0000000000 0.0000000000 0.0000000000 0.0000000000
0.0000000000 0.0000000000 0.0003000600 0.0220044009 0.1219243849 0.2255451090 0.2349469894 0.1759351870 0.1077215443 0.0581116223 0.0289057812 0.0136027205 0.0062012402 0.0028005601 0.0012002400 0.0005001000 0.0002000400 0.0001000200 0.0000000000 0.0000000000 0.0000000000
0.0000000000 0.0000000000 0.0000000000 0.0034000000 0.0372000000 0.1161000000 0.1855000000 0.1994000000 0.1670000000 0.1187000000 0.0755000000 0.0445000000 0.0249000000 0.0134000000 0.0070000000 0.0036000000 0.0019000000 0.0009000000 0.0005000000 0.0002000000 0.0003000000
0.0000000000 0.0000000000 0.0000000000 0.0008000800 0.0134013401 0.0591059106 0.1251125113 0.1704170417 0.1752175218 0.1493149315 0.1117111711 0.0762076208 0.0487048705 0.0297029703 0.0175017502 0.0100010001 0.0056005601 0.0031003100 0.0017001700 0.0010001000 0.0014001400
0.0000000000 0.0000000000 0.0000000000 0.0002999700 0.0060993901 0.0338966103 0.0864913509 0.1379862014 0.1627837216 0.1565843416 0.1304869513 0.0982901710 0.0686931307 0.0453954605 0.0287971203 0.0177982202 0.0106989301 0.0062993701 0.0036996300 0.0021997800 0.0034996500
