<?xml version="1.0" encoding="ISO-8859-1"?>

<pomdpx version ="1.0" id="sample" xmlns:xsi="http://www.w3.org/2001/XMLSchema-instance"
      xsi:noNamespaceSchemaLocation="/Users/Milad/Documents/appl-0.96/doc/POMDPX/pomdpx.xsd">

<Description>POMDP model</Description>

<Discount>0.95</Discount>

<Variable>

<StateVar vnamePrev="ps_0" vnameCurr="ps_1" fullyObs="false">
<ValueEnum>a1 a2 a3 a4 a5 a6 a7 a8 a9 a10 a11 a12 a13 a14 a15 a16 a17 a18 a19 a20 a21</ValueEnum>
</StateVar>

<ObsVar vname="measurements">
<NumValues>21</NumValues>
</ObsVar>

<ActionVar vname="action_control">
<ValueEnum>a1 a2 a3 a4 a5 a6 a7 a8 a9 a10 a11 a12 a13 a14 a15 a16 a17 a18 a19 a20 a21</ValueEnum>
</ActionVar>

<RewardVar vname="reward_agent" />
</Variable>

<InitialStateBelief>
<CondProb>
<Var>ps_0</Var>
<Parent>null</Parent>
<Parameter type = "TBL">
<Entry>
<Instance>-</Instance>
<ProbTable>0.0476190476190476 0.0476190476190476 0.0476190476190476 0.0476190476190476 0.0476190476190476 0.0476190476190476 0.0476190476190476 0.0476190476190476 0.0476190476190476 0.0476190476190476 0.0476190476190476 0.0476190476190476 0.0476190476190476 0.0476190476190476 0.0476190476190476 0.0476190476190476 0.0476190476190476 0.0476190476190476 0.0476190476190476 0.0476190476190476 0.0476190476190476</ProbTable>
</Entry>
</Parameter>
</CondProb>

</InitialStateBelief>

<StateTransitionFunction>

<CondProb>
<Var>ps_1</Var>
<Parent>action_control ps_0</Parent>
<Parameter type="TBL">
<Entry>
<Instance>a1 - -</Instance>
<ProbTable>1.0000000000 0.0000000000 0.0000000000 0.0000000000 0.0000000000 0.0000000000 0.0000000000 0.0000000000 0.0000000000 0.0000000000 0.0000000000 0.0000000000 0.0000000000 0.0000000000 0.0000000000 0.0000000000 0.0000000000 0.0000000000 0.0000000000 0.0000000000 0.0000000000
0.0000000000 0.0000000000 0.0001999800 0.9781021898 0.0216978302 0.0000000000 0.0000000000 0.0000000000 0.0000000000 0.0000000000 0.0000000000 0.0000000000 0.0000000000 0.0000000000 0.0000000000 0.0000000000 0.0000000000 0.0000000000 0.0000000000 0.0000000000 0.0000000000
0.0000000000 0.0000000000 0.0000000000 0.0000000000 0.0024002400 0.3734373437 0.5633563356 0.0596059606 0.0012001200 0.0000000000 0.0000000000 0.0000000000 0.0000000000 0.0000000000 0.0000000000 0.0000000000 0.0000000000 0.0000000000 0.0000000000 0.0000000000 0.0000000000
0.0000000000 0.0000000000 0.0000000000 0.0000000000 0.0000000000 0.0000000000 0.0189018902 0.3020302030 0.4880488049 0.1696169617 0.0203020302 0.0011001100 0.0000000000 0.0000000000 0.0000000000 0.0000000000 0.0000000000 0.0000000000 0.0000000000 0.0000000000 0.0000000000
0.0000000000 0.0000000000 0.0000000000 0.0000000000 0.0000000000 0.0000000000 0.0000000000 0.0034000000 0.0870000000 0.3492000000 0.3735000000 0.1526000000 0.0305000000 0.0035000000 0.0003000000 0.0000000000 0.0000000000 0.0000000000 0.0000000000 0.0000000000 0.0000000000
0.0000000000 0.0000000000 0.0000000000 0.0000000000 0.0000000000 0.0000000000 0.0000000000 0.0000000000 0.0022000000 0.0466000000 0.2254000000 0.3603000000 0.2501000000 0.0916000000 0.0204000000 0.0031000000 0.0003000000 0.0000000000 0.0000000000 0.0000000000 0.0000000000
0.0000000000 0.0000000000 0.0000000000 0.0000000000 0.0000000000 0.0000000000 0.0000000000 0.0000000000 0.0000000000 0.0032000000 0.0448000000 0.1897000000 0.3207000000 0.2664000000 0.1267000000 0.0387000000 0.0083000000 0.0013000000 0.0002000000 0.0000000000 0.0000000000
0.0000000000 0.0000000000 0.0000000000 0.0000000000 0.0000000000 0.0000000000 0.0000000000 0.0000000000 0.0000000000 0.0002000200 0.0072007201 0.0619061906 0.1996199620 0.3002300230 0.2474247425 0.1261126113 0.0437043704 0.0110011001 0.0022002200 0.0003000300 0.0001000100
0.0000000000 0.0000000000 0.0000000000 0.0000000000 0.0000000000 0.0000000000 0.0000000000 0.0000000000 0.0000000000 0.0000000000 0.0014001400 0.0196019602 0.1007100710 0.2325232523 0.2849284928 0.2102210221 0.1027102710 0.0359035904 0.0095009501 0.0020002000 0.0005000500
0.0000000000 0.0000000000 0.0000000000 0.0000000000 0.0000000000 0.0000000000 0.0000000000 0.0000000000 0.0000000000 0.0000000000 0.0003999600 0.0072992701 0.0522947705 0.1632836716 0.2647735226 0.2534746525 0.1581841816 0.0694930507 0.0228977102 0.0058994101 0.0019998000
0.0000000000 0.0000000000 0.0000000000 0.0000000000 0.0000000000 0.0000000000 0.0000000000 0.0000000000 0.0000000000 0.0000000000 0.0000999900 0.0034996500 0.0310968903 0.1188881112 0.2325767423 0.2652734727 0.1949805019 0.0998900110 0.0379962004 0.0112988701 0.0043995600
0.0000000000 0.0000000000 0.0000000000 0.0000000000 0.0000000000 0.0000000000 0.0000000000 0.0000000000 0.0000000000 0.0000000000 0.0001000000 0.0022000000 0.0220000000 0.0951000000 0.2085000000 0.2642000000 0.2144000000 0.1205000000 0.0500000000 0.0161000000 0.0069000000
0.0000000000 0.0000000000 0.0000000000 0.0000000000 0.0000000000 0.0000000000 0.0000000000 0.0000000000 0.0000000000 0.0000000000 0.0001000000 0.0017000000 0.0186000000 0.0852000000 0.1967000000 0.2617000000 0.2221000000 0.1303000000 0.0563000000 0.0188000000 0.0085000000
0.0000000000 0.0000000000 0.0000000000 0.0000000000 0.0000000000 0.0000000000 0.0000000000 0.0000000000 0.0000000000 0.0000000000 0.0000999900 0.0016998300 0.0185981402 0.0851914809 0.1966803320 0.2616738326 0.2221777822 0.1302869713 0.0562943706 0.0187981202 0.0084991501
0.0000000000 0.0000000000 0.0000000000 0.0000000000 0.0000000000 0.0000000000 0.0000000000 0.0000000000 0.0000000000 0.0000000000 0.0001000000 0.0021000000 0.0214000000 0.0934000000 0.2066000000 0.2639000000 0.2157000000 0.1221000000 0.0510000000 0.0165000000 0.0072000000
0.0000000000 0.0000000000 0.0000000000 0.0000000000 0.0000000000 0.0000000000 0.0000000000 0.0000000000 0.0000000000 0.0000000000 0.0001000100 0.0030003000 0.0275027503 0.1101110111 0.2243224322 0.2656265627 0.2022202220 0.1071107111 0.0420042004 0.0128012801 0.0052005201
0.0000000000 0.0000000000 0.0000000000 0.0000000000 0.0000000000 0.0000000000 0.0000000000 0.0000000000 0.0000000000 0.0000000000 0.0002000400 0.0047009402 0.0384076815 0.1358271654 0.2467493499 0.2626525305 0.1809361872 0.0872174435 0.0313062613 0.0088017604 0.0032006401
0.0000000000 0.0000000000 0.0000000000 0.0000000000 0.0000000000 0.0000000000 0.0000000000 0.0000000000 0.0000000000 0.0000000000 0.0004000400 0.0082008201 0.0564056406 0.1707170717 0.2687268727 0.2502250225 0.1521152115 0.0652065207 0.0210021002 0.0053005301 0.0017001700
0.0000000000 0.0000000000 0.0000000000 0.0000000000 0.0000000000 0.0000000000 0.0000000000 0.0000000000 0.0000000000 0.0000000000 0.0009000000 0.0150000000 0.0846000000 0.2130000000 0.2831000000 0.2252000000 0.1181000000 0.0441000000 0.0124000000 0.0028000000 0.0008000000
0.0000000000 0.0000000000 0.0000000000 0.0000000000 0.0000000000 0.0000000000 0.0000000000 0.0000000000 0.0000000000 0.0000000000 0.0022000000 0.0279000000 0.1256000000 0.2571000000 0.2819000000 0.1875000000 0.0832000000 0.0265000000 0.0065000000 0.0013000000 0.0003000000
0.0000000000 0.0000000000 0.0000000000 0.0000000000 0.0000000000 0.0000000000 0.0000000000 0.0000000000 0.0000000000 0.0002000000 0.0054000000 0.0512000000 0.1799000000 0.2927000000 0.2594000000 0.1415000000 0.0522000000 0.0140000000 0.0029000000 0.0005000000 0.0001000000
</ProbTable>
</Entry>
<Entry>
<Instance>a2 - -</Instance>
<ProbTable>1.0000000000 0.0000000000 0.0000000000 0.0000000000 0.0000000000 0.0000000000 0.0000000000 0.0000000000 0.0000000000 0.0000000000 0.0000000000 0.0000000000 0.0000000000 0.0000000000 0.0000000000 0.0000000000 0.0000000000 0.0000000000 0.0000000000 0.0000000000 0.0000000000
1.0000000000 0.0000000000 0.0000000000 0.0000000000 0.0000000000 0.0000000000 0.0000000000 0.0000000000 0.0000000000 0.0000000000 0.0000000000 0.0000000000 0.0000000000 0.0000000000 0.0000000000 0.0000000000 0.0000000000 0.0000000000 0.0000000000 0.0000000000 0.0000000000
0.0000000000 0.0000000000 0.0001999800 0.9781021898 0.0216978302 0.0000000000 0.0000000000 0.0000000000 0.0000000000 0.0000000000 0.0000000000 0.0000000000 0.0000000000 0.0000000000 0.0000000000 0.0000000000 0.0000000000 0.0000000000 0.0000000000 0.0000000000 0.0000000000
0.0000000000 0.0000000000 0.0000000000 0.0000000000 0.0024002400 0.3734373437 0.5633563356 0.0596059606 0.0012001200 0.0000000000 0.0000000000 0.0000000000 0.0000000000 0.0000000000 0.0000000000 0.0000000000 0.0000000000 0.0000000000 0.0000000000 0.0000000000 0.0000000000
0.0000000000 0.0000000000 0.0000000000 0.0000000000 0.0000000000 0.0000000000 0.0189018902 0.3020302030 0.4880488049 0.1696169617 0.0203020302 0.0011001100 0.0000000000 0.0000000000 0.0000000000 0.0000000000 0.0000000000 0.0000000000 0.0000000000 0.0000000000 0.0000000000
0.0000000000 0.0000000000 0.0000000000 0.0000000000 0.0000000000 0.0000000000 0.0000000000 0.0034000000 0.0870000000 0.3492000000 0.3735000000 0.1526000000 0.0305000000 0.0035000000 0.0003000000 0.0000000000 0.0000000000 0.0000000000 0.0000000000 0.0000000000 0.0000000000
0.0000000000 0.0000000000 0.0000000000 0.0000000000 0.0000000000 0.0000000000 0.0000000000 0.0000000000 0.0022000000 0.0466000000 0.2254000000 0.3603000000 0.2501000000 0.0916000000 0.0204000000 0.0031000000 0.0003000000 0.0000000000 0.0000000000 0.0000000000 0.0000000000
0.0000000000 0.0000000000 0.0000000000 0.0000000000 0.0000000000 0.0000000000 0.0000000000 0.0000000000 0.0000000000 0.0032000000 0.0448000000 0.1897000000 0.3207000000 0.2664000000 0.1267000000 0.0387000000 0.0083000000 0.0013000000 0.0002000000 0.0000000000 0.0000000000
0.0000000000 0.0000000000 0.0000000000 0.0000000000 0.0000000000 0.0000000000 0.0000000000 0.0000000000 0.0000000000 0.0002000200 0.0072007201 0.0619061906 0.1996199620 0.3002300230 0.2474247425 0.1261126113 0.0437043704 0.0110011001 0.0022002200 0.0003000300 0.0001000100
0.0000000000 0.0000000000 0.0000000000 0.0000000000 0.0000000000 0.0000000000 0.0000000000 0.0000000000 0.0000000000 0.0000000000 0.0014001400 0.0196019602 0.1007100710 0.2325232523 0.2849284928 0.2102210221 0.1027102710 0.0359035904 0.0095009501 0.0020002000 0.0005000500
0.0000000000 0.0000000000 0.0000000000 0.0000000000 0.0000000000 0.0000000000 0.0000000000 0.0000000000 0.0000000000 0.0000000000 0.0003999600 0.0072992701 0.0522947705 0.1632836716 0.2647735226 0.2534746525 0.1581841816 0.0694930507 0.0228977102 0.0058994101 0.0019998000
0.0000000000 0.0000000000 0.0000000000 0.0000000000 0.0000000000 0.0000000000 0.0000000000 0.0000000000 0.0000000000 0.0000000000 0.0000999900 0.0034996500 0.0310968903 0.1188881112 0.2325767423 0.2652734727 0.1949805019 0.0998900110 0.0379962004 0.0112988701 0.0043995600
0.0000000000 0.0000000000 0.0000000000 0.0000000000 0.0000000000 0.0000000000 0.0000000000 0.0000000000 0.0000000000 0.0000000000 0.0001000000 0.0022000000 0.0220000000 0.0951000000 0.2085000000 0.2642000000 0.2144000000 0.1205000000 0.0500000000 0.0161000000 0.0069000000
0.0000000000 0.0000000000 0.0000000000 0.0000000000 0.0000000000 0.0000000000 0.0000000000 0.0000000000 0.0000000000 0.0000000000 0.0001000000 0.0017000000 0.0186000000 0.0852000000 0.1967000000 0.2617000000 0.2221000000 0.1303000000 0.0563000000 0.0188000000 0.0085000000
0.0000000000 0.0000000000 0.0000000000 0.0000000000 0.0000000000 0.0000000000 0.0000000000 0.0000000000 0.0000000000 0.0000000000 0.0000999900 0.0016998300 0.0185981402 0.0851914809 0.1966803320 0.2616738326 0.2221777822 0.1302869713 0.0562943706 0.0187981202 0.0084991501
0.0000000000 0.0000000000 0.0000000000 0.0000000000 0.0000000000 0.0000000000 0.0000000000 0.0000000000 0.0000000000 0.0000000000 0.0001000000 0.0021000000 0.0214000000 0.0934000000 0.2066000000 0.2639000000 0.2157000000 0.1221000000 0.0510000000 0.0165000000 0.0072000000
0.0000000000 0.0000000000 0.0000000000 0.0000000000 0.0000000000 0.0000000000 0.0000000000 0.0000000000 0.0000000000 0.0000000000 0.0001000100 0.0030003000 0.0275027503 0.1101110111 0.2243224322 0.2656265627 0.2022202220 0.1071107111 0.0420042004 0.0128012801 0.0052005201
0.0000000000 0.0000000000 0.0000000000 0.0000000000 0.0000000000 0.0000000000 0.0000000000 0.0000000000 0.0000000000 0.0000000000 0.0002000400 0.0047009402 0.0384076815 0.1358271654 0.2467493499 0.2626525305 0.1809361872 0.0872174435 0.0313062613 0.0088017604 0.0032006401
0.0000000000 0.0000000000 0.0000000000 0.0000000000 0.0000000000 0.0000000000 0.0000000000 0.0000000000 0.0000000000 0.0000000000 0.0004000400 0.0082008201 0.0564056406 0.1707170717 0.2687268727 0.2502250225 0.1521152115 0.0652065207 0.0210021002 0.0053005301 0.0017001700
0.0000000000 0.0000000000 0.0000000000 0.0000000000 0.0000000000 0.0000000000 0.0000000000 0.0000000000 0.0000000000 0.0000000000 0.0009000000 0.0150000000 0.0846000000 0.2130000000 0.2831000000 0.2252000000 0.1181000000 0.0441000000 0.0124000000 0.0028000000 0.0008000000
0.0000000000 0.0000000000 0.0000000000 0.0000000000 0.0000000000 0.0000000000 0.0000000000 0.0000000000 0.0000000000 0.0000000000 0.0022000000 0.0279000000 0.1256000000 0.2571000000 0.2819000000 0.1875000000 0.0832000000 0.0265000000 0.0065000000 0.0013000000 0.0003000000
</ProbTable>
</Entry>
<Entry>
<Instance>a3 - -</Instance>
<ProbTable>1.0000000000 0.0000000000 0.0000000000 0.0000000000 0.0000000000 0.0000000000 0.0000000000 0.0000000000 0.0000000000 0.0000000000 0.0000000000 0.0000000000 0.0000000000 0.0000000000 0.0000000000 0.0000000000 0.0000000000 0.0000000000 0.0000000000 0.0000000000 0.0000000000
1.0000000000 0.0000000000 0.0000000000 0.0000000000 0.0000000000 0.0000000000 0.0000000000 0.0000000000 0.0000000000 0.0000000000 0.0000000000 0.0000000000 0.0000000000 0.0000000000 0.0000000000 0.0000000000 0.0000000000 0.0000000000 0.0000000000 0.0000000000 0.0000000000
1.0000000000 0.0000000000 0.0000000000 0.0000000000 0.0000000000 0.0000000000 0.0000000000 0.0000000000 0.0000000000 0.0000000000 0.0000000000 0.0000000000 0.0000000000 0.0000000000 0.0000000000 0.0000000000 0.0000000000 0.0000000000 0.0000000000 0.0000000000 0.0000000000
0.0000000000 0.0000000000 0.0001999800 0.9781021898 0.0216978302 0.0000000000 0.0000000000 0.0000000000 0.0000000000 0.0000000000 0.0000000000 0.0000000000 0.0000000000 0.0000000000 0.0000000000 0.0000000000 0.0000000000 0.0000000000 0.0000000000 0.0000000000 0.0000000000
0.0000000000 0.0000000000 0.0000000000 0.0000000000 0.0024002400 0.3734373437 0.5633563356 0.0596059606 0.0012001200 0.0000000000 0.0000000000 0.0000000000 0.0000000000 0.0000000000 0.0000000000 0.0000000000 0.0000000000 0.0000000000 0.0000000000 0.0000000000 0.0000000000
0.0000000000 0.0000000000 0.0000000000 0.0000000000 0.0000000000 0.0000000000 0.0189018902 0.3020302030 0.4880488049 0.1696169617 0.0203020302 0.0011001100 0.0000000000 0.0000000000 0.0000000000 0.0000000000 0.0000000000 0.0000000000 0.0000000000 0.0000000000 0.0000000000
0.0000000000 0.0000000000 0.0000000000 0.0000000000 0.0000000000 0.0000000000 0.0000000000 0.0034000000 0.0870000000 0.3492000000 0.3735000000 0.1526000000 0.0305000000 0.0035000000 0.0003000000 0.0000000000 0.0000000000 0.0000000000 0.0000000000 0.0000000000 0.0000000000
0.0000000000 0.0000000000 0.0000000000 0.0000000000 0.0000000000 0.0000000000 0.0000000000 0.0000000000 0.0022000000 0.0466000000 0.2254000000 0.3603000000 0.2501000000 0.0916000000 0.0204000000 0.0031000000 0.0003000000 0.0000000000 0.0000000000 0.0000000000 0.0000000000
0.0000000000 0.0000000000 0.0000000000 0.0000000000 0.0000000000 0.0000000000 0.0000000000 0.0000000000 0.0000000000 0.0032000000 0.0448000000 0.1897000000 0.3207000000 0.2664000000 0.1267000000 0.0387000000 0.0083000000 0.0013000000 0.0002000000 0.0000000000 0.0000000000
0.0000000000 0.0000000000 0.0000000000 0.0000000000 0.0000000000 0.0000000000 0.0000000000 0.0000000000 0.0000000000 0.0002000200 0.0072007201 0.0619061906 0.1996199620 0.3002300230 0.2474247425 0.1261126113 0.0437043704 0.0110011001 0.0022002200 0.0003000300 0.0001000100
0.0000000000 0.0000000000 0.0000000000 0.0000000000 0.0000000000 0.0000000000 0.0000000000 0.0000000000 0.0000000000 0.0000000000 0.0014001400 0.0196019602 0.1007100710 0.2325232523 0.2849284928 0.2102210221 0.1027102710 0.0359035904 0.0095009501 0.0020002000 0.0005000500
0.0000000000 0.0000000000 0.0000000000 0.0000000000 0.0000000000 0.0000000000 0.0000000000 0.0000000000 0.0000000000 0.0000000000 0.0003999600 0.0072992701 0.0522947705 0.1632836716 0.2647735226 0.2534746525 0.1581841816 0.0694930507 0.0228977102 0.0058994101 0.0019998000
0.0000000000 0.0000000000 0.0000000000 0.0000000000 0.0000000000 0.0000000000 0.0000000000 0.0000000000 0.0000000000 0.0000000000 0.0000999900 0.0034996500 0.0310968903 0.1188881112 0.2325767423 0.2652734727 0.1949805019 0.0998900110 0.0379962004 0.0112988701 0.0043995600
0.0000000000 0.0000000000 0.0000000000 0.0000000000 0.0000000000 0.0000000000 0.0000000000 0.0000000000 0.0000000000 0.0000000000 0.0001000000 0.0022000000 0.0220000000 0.0951000000 0.2085000000 0.2642000000 0.2144000000 0.1205000000 0.0500000000 0.0161000000 0.0069000000
0.0000000000 0.0000000000 0.0000000000 0.0000000000 0.0000000000 0.0000000000 0.0000000000 0.0000000000 0.0000000000 0.0000000000 0.0001000000 0.0017000000 0.0186000000 0.0852000000 0.1967000000 0.2617000000 0.2221000000 0.1303000000 0.0563000000 0.0188000000 0.0085000000
0.0000000000 0.0000000000 0.0000000000 0.0000000000 0.0000000000 0.0000000000 0.0000000000 0.0000000000 0.0000000000 0.0000000000 0.0000999900 0.0016998300 0.0185981402 0.0851914809 0.1966803320 0.2616738326 0.2221777822 0.1302869713 0.0562943706 0.0187981202 0.0084991501
0.0000000000 0.0000000000 0.0000000000 0.0000000000 0.0000000000 0.0000000000 0.0000000000 0.0000000000 0.0000000000 0.0000000000 0.0001000000 0.0021000000 0.0214000000 0.0934000000 0.2066000000 0.2639000000 0.2157000000 0.1221000000 0.0510000000 0.0165000000 0.0072000000
0.0000000000 0.0000000000 0.0000000000 0.0000000000 0.0000000000 0.0000000000 0.0000000000 0.0000000000 0.0000000000 0.0000000000 0.0001000100 0.0030003000 0.0275027503 0.1101110111 0.2243224322 0.2656265627 0.2022202220 0.1071107111 0.0420042004 0.0128012801 0.0052005201
0.0000000000 0.0000000000 0.0000000000 0.0000000000 0.0000000000 0.0000000000 0.0000000000 0.0000000000 0.0000000000 0.0000000000 0.0002000400 0.0047009402 0.0384076815 0.1358271654 0.2467493499 0.2626525305 0.1809361872 0.0872174435 0.0313062613 0.0088017604 0.0032006401
0.0000000000 0.0000000000 0.0000000000 0.0000000000 0.0000000000 0.0000000000 0.0000000000 0.0000000000 0.0000000000 0.0000000000 0.0004000400 0.0082008201 0.0564056406 0.1707170717 0.2687268727 0.2502250225 0.1521152115 0.0652065207 0.0210021002 0.0053005301 0.0017001700
0.0000000000 0.0000000000 0.0000000000 0.0000000000 0.0000000000 0.0000000000 0.0000000000 0.0000000000 0.0000000000 0.0000000000 0.0009000000 0.0150000000 0.0846000000 0.2130000000 0.2831000000 0.2252000000 0.1181000000 0.0441000000 0.0124000000 0.0028000000 0.0008000000
</ProbTable>
</Entry>
<Entry>
<Instance>a4 - -</Instance>
<ProbTable>1.0000000000 0.0000000000 0.0000000000 0.0000000000 0.0000000000 0.0000000000 0.0000000000 0.0000000000 0.0000000000 0.0000000000 0.0000000000 0.0000000000 0.0000000000 0.0000000000 0.0000000000 0.0000000000 0.0000000000 0.0000000000 0.0000000000 0.0000000000 0.0000000000
1.0000000000 0.0000000000 0.0000000000 0.0000000000 0.0000000000 0.0000000000 0.0000000000 0.0000000000 0.0000000000 0.0000000000 0.0000000000 0.0000000000 0.0000000000 0.0000000000 0.0000000000 0.0000000000 0.0000000000 0.0000000000 0.0000000000 0.0000000000 0.0000000000
1.0000000000 0.0000000000 0.0000000000 0.0000000000 0.0000000000 0.0000000000 0.0000000000 0.0000000000 0.0000000000 0.0000000000 0.0000000000 0.0000000000 0.0000000000 0.0000000000 0.0000000000 0.0000000000 0.0000000000 0.0000000000 0.0000000000 0.0000000000 0.0000000000
1.0000000000 0.0000000000 0.0000000000 0.0000000000 0.0000000000 0.0000000000 0.0000000000 0.0000000000 0.0000000000 0.0000000000 0.0000000000 0.0000000000 0.0000000000 0.0000000000 0.0000000000 0.0000000000 0.0000000000 0.0000000000 0.0000000000 0.0000000000 0.0000000000
0.0000000000 0.0000000000 0.0001999800 0.9781021898 0.0216978302 0.0000000000 0.0000000000 0.0000000000 0.0000000000 0.0000000000 0.0000000000 0.0000000000 0.0000000000 0.0000000000 0.0000000000 0.0000000000 0.0000000000 0.0000000000 0.0000000000 0.0000000000 0.0000000000
0.0000000000 0.0000000000 0.0000000000 0.0000000000 0.0024002400 0.3734373437 0.5633563356 0.0596059606 0.0012001200 0.0000000000 0.0000000000 0.0000000000 0.0000000000 0.0000000000 0.0000000000 0.0000000000 0.0000000000 0.0000000000 0.0000000000 0.0000000000 0.0000000000
0.0000000000 0.0000000000 0.0000000000 0.0000000000 0.0000000000 0.0000000000 0.0189018902 0.3020302030 0.4880488049 0.1696169617 0.0203020302 0.0011001100 0.0000000000 0.0000000000 0.0000000000 0.0000000000 0.0000000000 0.0000000000 0.0000000000 0.0000000000 0.0000000000
0.0000000000 0.0000000000 0.0000000000 0.0000000000 0.0000000000 0.0000000000 0.0000000000 0.0034000000 0.0870000000 0.3492000000 0.3735000000 0.1526000000 0.0305000000 0.0035000000 0.0003000000 0.0000000000 0.0000000000 0.0000000000 0.0000000000 0.0000000000 0.0000000000
0.0000000000 0.0000000000 0.0000000000 0.0000000000 0.0000000000 0.0000000000 0.0000000000 0.0000000000 0.0022000000 0.0466000000 0.2254000000 0.3603000000 0.2501000000 0.0916000000 0.0204000000 0.0031000000 0.0003000000 0.0000000000 0.0000000000 0.0000000000 0.0000000000
0.0000000000 0.0000000000 0.0000000000 0.0000000000 0.0000000000 0.0000000000 0.0000000000 0.0000000000 0.0000000000 0.0032000000 0.0448000000 0.1897000000 0.3207000000 0.2664000000 0.1267000000 0.0387000000 0.0083000000 0.0013000000 0.0002000000 0.0000000000 0.0000000000
0.0000000000 0.0000000000 0.0000000000 0.0000000000 0.0000000000 0.0000000000 0.0000000000 0.0000000000 0.0000000000 0.0002000200 0.0072007201 0.0619061906 0.1996199620 0.3002300230 0.2474247425 0.1261126113 0.0437043704 0.0110011001 0.0022002200 0.0003000300 0.0001000100
0.0000000000 0.0000000000 0.0000000000 0.0000000000 0.0000000000 0.0000000000 0.0000000000 0.0000000000 0.0000000000 0.0000000000 0.0014001400 0.0196019602 0.1007100710 0.2325232523 0.2849284928 0.2102210221 0.1027102710 0.0359035904 0.0095009501 0.0020002000 0.0005000500
0.0000000000 0.0000000000 0.0000000000 0.0000000000 0.0000000000 0.0000000000 0.0000000000 0.0000000000 0.0000000000 0.0000000000 0.0003999600 0.0072992701 0.0522947705 0.1632836716 0.2647735226 0.2534746525 0.1581841816 0.0694930507 0.0228977102 0.0058994101 0.0019998000
0.0000000000 0.0000000000 0.0000000000 0.0000000000 0.0000000000 0.0000000000 0.0000000000 0.0000000000 0.0000000000 0.0000000000 0.0000999900 0.0034996500 0.0310968903 0.1188881112 0.2325767423 0.2652734727 0.1949805019 0.0998900110 0.0379962004 0.0112988701 0.0043995600
0.0000000000 0.0000000000 0.0000000000 0.0000000000 0.0000000000 0.0000000000 0.0000000000 0.0000000000 0.0000000000 0.0000000000 0.0001000000 0.0022000000 0.0220000000 0.0951000000 0.2085000000 0.2642000000 0.2144000000 0.1205000000 0.0500000000 0.0161000000 0.0069000000
0.0000000000 0.0000000000 0.0000000000 0.0000000000 0.0000000000 0.0000000000 0.0000000000 0.0000000000 0.0000000000 0.0000000000 0.0001000000 0.0017000000 0.0186000000 0.0852000000 0.1967000000 0.2617000000 0.2221000000 0.1303000000 0.0563000000 0.0188000000 0.0085000000
0.0000000000 0.0000000000 0.0000000000 0.0000000000 0.0000000000 0.0000000000 0.0000000000 0.0000000000 0.0000000000 0.0000000000 0.0000999900 0.0016998300 0.0185981402 0.0851914809 0.1966803320 0.2616738326 0.2221777822 0.1302869713 0.0562943706 0.0187981202 0.0084991501
0.0000000000 0.0000000000 0.0000000000 0.0000000000 0.0000000000 0.0000000000 0.0000000000 0.0000000000 0.0000000000 0.0000000000 0.0001000000 0.0021000000 0.0214000000 0.0934000000 0.2066000000 0.2639000000 0.2157000000 0.1221000000 0.0510000000 0.0165000000 0.0072000000
0.0000000000 0.0000000000 0.0000000000 0.0000000000 0.0000000000 0.0000000000 0.0000000000 0.0000000000 0.0000000000 0.0000000000 0.0001000100 0.0030003000 0.0275027503 0.1101110111 0.2243224322 0.2656265627 0.2022202220 0.1071107111 0.0420042004 0.0128012801 0.0052005201
0.0000000000 0.0000000000 0.0000000000 0.0000000000 0.0000000000 0.0000000000 0.0000000000 0.0000000000 0.0000000000 0.0000000000 0.0002000400 0.0047009402 0.0384076815 0.1358271654 0.2467493499 0.2626525305 0.1809361872 0.0872174435 0.0313062613 0.0088017604 0.0032006401
0.0000000000 0.0000000000 0.0000000000 0.0000000000 0.0000000000 0.0000000000 0.0000000000 0.0000000000 0.0000000000 0.0000000000 0.0004000400 0.0082008201 0.0564056406 0.1707170717 0.2687268727 0.2502250225 0.1521152115 0.0652065207 0.0210021002 0.0053005301 0.0017001700
</ProbTable>
</Entry>
<Entry>
<Instance>a5 - -</Instance>
<ProbTable>1.0000000000 0.0000000000 0.0000000000 0.0000000000 0.0000000000 0.0000000000 0.0000000000 0.0000000000 0.0000000000 0.0000000000 0.0000000000 0.0000000000 0.0000000000 0.0000000000 0.0000000000 0.0000000000 0.0000000000 0.0000000000 0.0000000000 0.0000000000 0.0000000000
1.0000000000 0.0000000000 0.0000000000 0.0000000000 0.0000000000 0.0000000000 0.0000000000 0.0000000000 0.0000000000 0.0000000000 0.0000000000 0.0000000000 0.0000000000 0.0000000000 0.0000000000 0.0000000000 0.0000000000 0.0000000000 0.0000000000 0.0000000000 0.0000000000
1.0000000000 0.0000000000 0.0000000000 0.0000000000 0.0000000000 0.0000000000 0.0000000000 0.0000000000 0.0000000000 0.0000000000 0.0000000000 0.0000000000 0.0000000000 0.0000000000 0.0000000000 0.0000000000 0.0000000000 0.0000000000 0.0000000000 0.0000000000 0.0000000000
1.0000000000 0.0000000000 0.0000000000 0.0000000000 0.0000000000 0.0000000000 0.0000000000 0.0000000000 0.0000000000 0.0000000000 0.0000000000 0.0000000000 0.0000000000 0.0000000000 0.0000000000 0.0000000000 0.0000000000 0.0000000000 0.0000000000 0.0000000000 0.0000000000
1.0000000000 0.0000000000 0.0000000000 0.0000000000 0.0000000000 0.0000000000 0.0000000000 0.0000000000 0.0000000000 0.0000000000 0.0000000000 0.0000000000 0.0000000000 0.0000000000 0.0000000000 0.0000000000 0.0000000000 0.0000000000 0.0000000000 0.0000000000 0.0000000000
0.0000000000 0.0000000000 0.0001999800 0.9781021898 0.0216978302 0.0000000000 0.0000000000 0.0000000000 0.0000000000 0.0000000000 0.0000000000 0.0000000000 0.0000000000 0.0000000000 0.0000000000 0.0000000000 0.0000000000 0.0000000000 0.0000000000 0.0000000000 0.0000000000
0.0000000000 0.0000000000 0.0000000000 0.0000000000 0.0024002400 0.3734373437 0.5633563356 0.0596059606 0.0012001200 0.0000000000 0.0000000000 0.0000000000 0.0000000000 0.0000000000 0.0000000000 0.0000000000 0.0000000000 0.0000000000 0.0000000000 0.0000000000 0.0000000000
0.0000000000 0.0000000000 0.0000000000 0.0000000000 0.0000000000 0.0000000000 0.0189018902 0.3020302030 0.4880488049 0.1696169617 0.0203020302 0.0011001100 0.0000000000 0.0000000000 0.0000000000 0.0000000000 0.0000000000 0.0000000000 0.0000000000 0.0000000000 0.0000000000
0.0000000000 0.0000000000 0.0000000000 0.0000000000 0.0000000000 0.0000000000 0.0000000000 0.0034000000 0.0870000000 0.3492000000 0.3735000000 0.1526000000 0.0305000000 0.0035000000 0.0003000000 0.0000000000 0.0000000000 0.0000000000 0.0000000000 0.0000000000 0.0000000000
0.0000000000 0.0000000000 0.0000000000 0.0000000000 0.0000000000 0.0000000000 0.0000000000 0.0000000000 0.0022000000 0.0466000000 0.2254000000 0.3603000000 0.2501000000 0.0916000000 0.0204000000 0.0031000000 0.0003000000 0.0000000000 0.0000000000 0.0000000000 0.0000000000
0.0000000000 0.0000000000 0.0000000000 0.0000000000 0.0000000000 0.0000000000 0.0000000000 0.0000000000 0.0000000000 0.0032000000 0.0448000000 0.1897000000 0.3207000000 0.2664000000 0.1267000000 0.0387000000 0.0083000000 0.0013000000 0.0002000000 0.0000000000 0.0000000000
0.0000000000 0.0000000000 0.0000000000 0.0000000000 0.0000000000 0.0000000000 0.0000000000 0.0000000000 0.0000000000 0.0002000200 0.0072007201 0.0619061906 0.1996199620 0.3002300230 0.2474247425 0.1261126113 0.0437043704 0.0110011001 0.0022002200 0.0003000300 0.0001000100
0.0000000000 0.0000000000 0.0000000000 0.0000000000 0.0000000000 0.0000000000 0.0000000000 0.0000000000 0.0000000000 0.0000000000 0.0014001400 0.0196019602 0.1007100710 0.2325232523 0.2849284928 0.2102210221 0.1027102710 0.0359035904 0.0095009501 0.0020002000 0.0005000500
0.0000000000 0.0000000000 0.0000000000 0.0000000000 0.0000000000 0.0000000000 0.0000000000 0.0000000000 0.0000000000 0.0000000000 0.0003999600 0.0072992701 0.0522947705 0.1632836716 0.2647735226 0.2534746525 0.1581841816 0.0694930507 0.0228977102 0.0058994101 0.0019998000
0.0000000000 0.0000000000 0.0000000000 0.0000000000 0.0000000000 0.0000000000 0.0000000000 0.0000000000 0.0000000000 0.0000000000 0.0000999900 0.0034996500 0.0310968903 0.1188881112 0.2325767423 0.2652734727 0.1949805019 0.0998900110 0.0379962004 0.0112988701 0.0043995600
0.0000000000 0.0000000000 0.0000000000 0.0000000000 0.0000000000 0.0000000000 0.0000000000 0.0000000000 0.0000000000 0.0000000000 0.0001000000 0.0022000000 0.0220000000 0.0951000000 0.2085000000 0.2642000000 0.2144000000 0.1205000000 0.0500000000 0.0161000000 0.0069000000
0.0000000000 0.0000000000 0.0000000000 0.0000000000 0.0000000000 0.0000000000 0.0000000000 0.0000000000 0.0000000000 0.0000000000 0.0001000000 0.0017000000 0.0186000000 0.0852000000 0.1967000000 0.2617000000 0.2221000000 0.1303000000 0.0563000000 0.0188000000 0.0085000000
0.0000000000 0.0000000000 0.0000000000 0.0000000000 0.0000000000 0.0000000000 0.0000000000 0.0000000000 0.0000000000 0.0000000000 0.0000999900 0.0016998300 0.0185981402 0.0851914809 0.1966803320 0.2616738326 0.2221777822 0.1302869713 0.0562943706 0.0187981202 0.0084991501
0.0000000000 0.0000000000 0.0000000000 0.0000000000 0.0000000000 0.0000000000 0.0000000000 0.0000000000 0.0000000000 0.0000000000 0.0001000000 0.0021000000 0.0214000000 0.0934000000 0.2066000000 0.2639000000 0.2157000000 0.1221000000 0.0510000000 0.0165000000 0.0072000000
0.0000000000 0.0000000000 0.0000000000 0.0000000000 0.0000000000 0.0000000000 0.0000000000 0.0000000000 0.0000000000 0.0000000000 0.0001000100 0.0030003000 0.0275027503 0.1101110111 0.2243224322 0.2656265627 0.2022202220 0.1071107111 0.0420042004 0.0128012801 0.0052005201
0.0000000000 0.0000000000 0.0000000000 0.0000000000 0.0000000000 0.0000000000 0.0000000000 0.0000000000 0.0000000000 0.0000000000 0.0002000400 0.0047009402 0.0384076815 0.1358271654 0.2467493499 0.2626525305 0.1809361872 0.0872174435 0.0313062613 0.0088017604 0.0032006401
</ProbTable>
</Entry>
<Entry>
<Instance>a6 - -</Instance>
<ProbTable>1.0000000000 0.0000000000 0.0000000000 0.0000000000 0.0000000000 0.0000000000 0.0000000000 0.0000000000 0.0000000000 0.0000000000 0.0000000000 0.0000000000 0.0000000000 0.0000000000 0.0000000000 0.0000000000 0.0000000000 0.0000000000 0.0000000000 0.0000000000 0.0000000000
1.0000000000 0.0000000000 0.0000000000 0.0000000000 0.0000000000 0.0000000000 0.0000000000 0.0000000000 0.0000000000 0.0000000000 0.0000000000 0.0000000000 0.0000000000 0.0000000000 0.0000000000 0.0000000000 0.0000000000 0.0000000000 0.0000000000 0.0000000000 0.0000000000
1.0000000000 0.0000000000 0.0000000000 0.0000000000 0.0000000000 0.0000000000 0.0000000000 0.0000000000 0.0000000000 0.0000000000 0.0000000000 0.0000000000 0.0000000000 0.0000000000 0.0000000000 0.0000000000 0.0000000000 0.0000000000 0.0000000000 0.0000000000 0.0000000000
1.0000000000 0.0000000000 0.0000000000 0.0000000000 0.0000000000 0.0000000000 0.0000000000 0.0000000000 0.0000000000 0.0000000000 0.0000000000 0.0000000000 0.0000000000 0.0000000000 0.0000000000 0.0000000000 0.0000000000 0.0000000000 0.0000000000 0.0000000000 0.0000000000
1.0000000000 0.0000000000 0.0000000000 0.0000000000 0.0000000000 0.0000000000 0.0000000000 0.0000000000 0.0000000000 0.0000000000 0.0000000000 0.0000000000 0.0000000000 0.0000000000 0.0000000000 0.0000000000 0.0000000000 0.0000000000 0.0000000000 0.0000000000 0.0000000000
1.0000000000 0.0000000000 0.0000000000 0.0000000000 0.0000000000 0.0000000000 0.0000000000 0.0000000000 0.0000000000 0.0000000000 0.0000000000 0.0000000000 0.0000000000 0.0000000000 0.0000000000 0.0000000000 0.0000000000 0.0000000000 0.0000000000 0.0000000000 0.0000000000
0.0000000000 0.0000000000 0.0001999800 0.9781021898 0.0216978302 0.0000000000 0.0000000000 0.0000000000 0.0000000000 0.0000000000 0.0000000000 0.0000000000 0.0000000000 0.0000000000 0.0000000000 0.0000000000 0.0000000000 0.0000000000 0.0000000000 0.0000000000 0.0000000000
0.0000000000 0.0000000000 0.0000000000 0.0000000000 0.0024002400 0.3734373437 0.5633563356 0.0596059606 0.0012001200 0.0000000000 0.0000000000 0.0000000000 0.0000000000 0.0000000000 0.0000000000 0.0000000000 0.0000000000 0.0000000000 0.0000000000 0.0000000000 0.0000000000
0.0000000000 0.0000000000 0.0000000000 0.0000000000 0.0000000000 0.0000000000 0.0189018902 0.3020302030 0.4880488049 0.1696169617 0.0203020302 0.0011001100 0.0000000000 0.0000000000 0.0000000000 0.0000000000 0.0000000000 0.0000000000 0.0000000000 0.0000000000 0.0000000000
0.0000000000 0.0000000000 0.0000000000 0.0000000000 0.0000000000 0.0000000000 0.0000000000 0.0034000000 0.0870000000 0.3492000000 0.3735000000 0.1526000000 0.0305000000 0.0035000000 0.0003000000 0.0000000000 0.0000000000 0.0000000000 0.0000000000 0.0000000000 0.0000000000
0.0000000000 0.0000000000 0.0000000000 0.0000000000 0.0000000000 0.0000000000 0.0000000000 0.0000000000 0.0022000000 0.0466000000 0.2254000000 0.3603000000 0.2501000000 0.0916000000 0.0204000000 0.0031000000 0.0003000000 0.0000000000 0.0000000000 0.0000000000 0.0000000000
0.0000000000 0.0000000000 0.0000000000 0.0000000000 0.0000000000 0.0000000000 0.0000000000 0.0000000000 0.0000000000 0.0032000000 0.0448000000 0.1897000000 0.3207000000 0.2664000000 0.1267000000 0.0387000000 0.0083000000 0.0013000000 0.0002000000 0.0000000000 0.0000000000
0.0000000000 0.0000000000 0.0000000000 0.0000000000 0.0000000000 0.0000000000 0.0000000000 0.0000000000 0.0000000000 0.0002000200 0.0072007201 0.0619061906 0.1996199620 0.3002300230 0.2474247425 0.1261126113 0.0437043704 0.0110011001 0.0022002200 0.0003000300 0.0001000100
0.0000000000 0.0000000000 0.0000000000 0.0000000000 0.0000000000 0.0000000000 0.0000000000 0.0000000000 0.0000000000 0.0000000000 0.0014001400 0.0196019602 0.1007100710 0.2325232523 0.2849284928 0.2102210221 0.1027102710 0.0359035904 0.0095009501 0.0020002000 0.0005000500
0.0000000000 0.0000000000 0.0000000000 0.0000000000 0.0000000000 0.0000000000 0.0000000000 0.0000000000 0.0000000000 0.0000000000 0.0003999600 0.0072992701 0.0522947705 0.1632836716 0.2647735226 0.2534746525 0.1581841816 0.0694930507 0.0228977102 0.0058994101 0.0019998000
0.0000000000 0.0000000000 0.0000000000 0.0000000000 0.0000000000 0.0000000000 0.0000000000 0.0000000000 0.0000000000 0.0000000000 0.0000999900 0.0034996500 0.0310968903 0.1188881112 0.2325767423 0.2652734727 0.1949805019 0.0998900110 0.0379962004 0.0112988701 0.0043995600
0.0000000000 0.0000000000 0.0000000000 0.0000000000 0.0000000000 0.0000000000 0.0000000000 0.0000000000 0.0000000000 0.0000000000 0.0001000000 0.0022000000 0.0220000000 0.0951000000 0.2085000000 0.2642000000 0.2144000000 0.1205000000 0.0500000000 0.0161000000 0.0069000000
0.0000000000 0.0000000000 0.0000000000 0.0000000000 0.0000000000 0.0000000000 0.0000000000 0.0000000000 0.0000000000 0.0000000000 0.0001000000 0.0017000000 0.0186000000 0.0852000000 0.1967000000 0.2617000000 0.2221000000 0.1303000000 0.0563000000 0.0188000000 0.0085000000
0.0000000000 0.0000000000 0.0000000000 0.0000000000 0.0000000000 0.0000000000 0.0000000000 0.0000000000 0.0000000000 0.0000000000 0.0000999900 0.0016998300 0.0185981402 0.0851914809 0.1966803320 0.2616738326 0.2221777822 0.1302869713 0.0562943706 0.0187981202 0.0084991501
0.0000000000 0.0000000000 0.0000000000 0.0000000000 0.0000000000 0.0000000000 0.0000000000 0.0000000000 0.0000000000 0.0000000000 0.0001000000 0.0021000000 0.0214000000 0.0934000000 0.2066000000 0.2639000000 0.2157000000 0.1221000000 0.0510000000 0.0165000000 0.0072000000
0.0000000000 0.0000000000 0.0000000000 0.0000000000 0.0000000000 0.0000000000 0.0000000000 0.0000000000 0.0000000000 0.0000000000 0.0001000100 0.0030003000 0.0275027503 0.1101110111 0.2243224322 0.2656265627 0.2022202220 0.1071107111 0.0420042004 0.0128012801 0.0052005201
</ProbTable>
</Entry>
<Entry>
<Instance>a7 - -</Instance>
<ProbTable>1.0000000000 0.0000000000 0.0000000000 0.0000000000 0.0000000000 0.0000000000 0.0000000000 0.0000000000 0.0000000000 0.0000000000 0.0000000000 0.0000000000 0.0000000000 0.0000000000 0.0000000000 0.0000000000 0.0000000000 0.0000000000 0.0000000000 0.0000000000 0.0000000000
1.0000000000 0.0000000000 0.0000000000 0.0000000000 0.0000000000 0.0000000000 0.0000000000 0.0000000000 0.0000000000 0.0000000000 0.0000000000 0.0000000000 0.0000000000 0.0000000000 0.0000000000 0.0000000000 0.0000000000 0.0000000000 0.0000000000 0.0000000000 0.0000000000
1.0000000000 0.0000000000 0.0000000000 0.0000000000 0.0000000000 0.0000000000 0.0000000000 0.0000000000 0.0000000000 0.0000000000 0.0000000000 0.0000000000 0.0000000000 0.0000000000 0.0000000000 0.0000000000 0.0000000000 0.0000000000 0.0000000000 0.0000000000 0.0000000000
1.0000000000 0.0000000000 0.0000000000 0.0000000000 0.0000000000 0.0000000000 0.0000000000 0.0000000000 0.0000000000 0.0000000000 0.0000000000 0.0000000000 0.0000000000 0.0000000000 0.0000000000 0.0000000000 0.0000000000 0.0000000000 0.0000000000 0.0000000000 0.0000000000
1.0000000000 0.0000000000 0.0000000000 0.0000000000 0.0000000000 0.0000000000 0.0000000000 0.0000000000 0.0000000000 0.0000000000 0.0000000000 0.0000000000 0.0000000000 0.0000000000 0.0000000000 0.0000000000 0.0000000000 0.0000000000 0.0000000000 0.0000000000 0.0000000000
1.0000000000 0.0000000000 0.0000000000 0.0000000000 0.0000000000 0.0000000000 0.0000000000 0.0000000000 0.0000000000 0.0000000000 0.0000000000 0.0000000000 0.0000000000 0.0000000000 0.0000000000 0.0000000000 0.0000000000 0.0000000000 0.0000000000 0.0000000000 0.0000000000
1.0000000000 0.0000000000 0.0000000000 0.0000000000 0.0000000000 0.0000000000 0.0000000000 0.0000000000 0.0000000000 0.0000000000 0.0000000000 0.0000000000 0.0000000000 0.0000000000 0.0000000000 0.0000000000 0.0000000000 0.0000000000 0.0000000000 0.0000000000 0.0000000000
0.0000000000 0.0000000000 0.0001999800 0.9781021898 0.0216978302 0.0000000000 0.0000000000 0.0000000000 0.0000000000 0.0000000000 0.0000000000 0.0000000000 0.0000000000 0.0000000000 0.0000000000 0.0000000000 0.0000000000 0.0000000000 0.0000000000 0.0000000000 0.0000000000
0.0000000000 0.0000000000 0.0000000000 0.0000000000 0.0024002400 0.3734373437 0.5633563356 0.0596059606 0.0012001200 0.0000000000 0.0000000000 0.0000000000 0.0000000000 0.0000000000 0.0000000000 0.0000000000 0.0000000000 0.0000000000 0.0000000000 0.0000000000 0.0000000000
0.0000000000 0.0000000000 0.0000000000 0.0000000000 0.0000000000 0.0000000000 0.0189018902 0.3020302030 0.4880488049 0.1696169617 0.0203020302 0.0011001100 0.0000000000 0.0000000000 0.0000000000 0.0000000000 0.0000000000 0.0000000000 0.0000000000 0.0000000000 0.0000000000
0.0000000000 0.0000000000 0.0000000000 0.0000000000 0.0000000000 0.0000000000 0.0000000000 0.0034000000 0.0870000000 0.3492000000 0.3735000000 0.1526000000 0.0305000000 0.0035000000 0.0003000000 0.0000000000 0.0000000000 0.0000000000 0.0000000000 0.0000000000 0.0000000000
0.0000000000 0.0000000000 0.0000000000 0.0000000000 0.0000000000 0.0000000000 0.0000000000 0.0000000000 0.0022000000 0.0466000000 0.2254000000 0.3603000000 0.2501000000 0.0916000000 0.0204000000 0.0031000000 0.0003000000 0.0000000000 0.0000000000 0.0000000000 0.0000000000
0.0000000000 0.0000000000 0.0000000000 0.0000000000 0.0000000000 0.0000000000 0.0000000000 0.0000000000 0.0000000000 0.0032000000 0.0448000000 0.1897000000 0.3207000000 0.2664000000 0.1267000000 0.0387000000 0.0083000000 0.0013000000 0.0002000000 0.0000000000 0.0000000000
