<?xml version="1.0" encoding="ISO-8859-1"?>

<pomdpx version ="1.0" id="sample" xmlns:xsi="http://www.w3.org/2001/XMLSchema-instance"
      xsi:noNamespaceSchemaLocation="/Users/Milad/Documents/appl-0.96/doc/POMDPX/pomdpx.xsd">

<Description>POMDP model</Description>

<Discount>0.95</Discount>

<Variable>

<StateVar vnamePrev="ps_0" vnameCurr="ps_1" fullyObs="false">
<ValueEnum>a1 a2 a3 a4 a5 a6 a7 a8 a9 a10 a11 a12 a13 a14 a15 a16 a17 a18 a19 a20 a21</ValueEnum>
</StateVar>

<ObsVar vname="measurements">
<NumValues>21</NumValues>
</ObsVar>

<ActionVar vname="action_control">
<ValueEnum>a1 a2 a3 a4 a5 a6 a7 a8 a9 a10 a11 a12 a13 a14 a15 a16 a17 a18 a19 a20 a21</ValueEnum>
</ActionVar>

<RewardVar vname="reward_agent" />
</Variable>

<InitialStateBelief>
<CondProb>
<Var>ps_0</Var>
<Parent>null</Parent>
<Parameter type = "TBL">
<Entry>
<Instance>-</Instance>
<ProbTable>0.0476190476190476 0.0476190476190476 0.0476190476190476 0.0476190476190476 0.0476190476190476 0.0476190476190476 0.0476190476190476 0.0476190476190476 0.0476190476190476 0.0476190476190476 0.0476190476190476 0.0476190476190476 0.0476190476190476 0.0476190476190476 0.0476190476190476 0.0476190476190476 0.0476190476190476 0.0476190476190476 0.0476190476190476 0.0476190476190476 0.0476190476190476</ProbTable>
</Entry>
</Parameter>
</CondProb>

</InitialStateBelief>

<StateTransitionFunction>

<CondProb>
<Var>ps_1</Var>
<Parent>action_control ps_0</Parent>
<Parameter type="TBL">
<Entry>
<Instance>a1 - -</Instance>
<ProbTable>1.0000000000 0.0000000000 0.0000000000 0.0000000000 0.0000000000 0.0000000000 0.0000000000 0.0000000000 0.0000000000 0.0000000000 0.0000000000 0.0000000000 0.0000000000 0.0000000000 0.0000000000 0.0000000000 0.0000000000 0.0000000000 0.0000000000 0.0000000000 0.0000000000
0.0000000000 0.0000000000 0.0000000000 0.0006000000 0.5754000000 0.4161000000 0.0079000000 0.0000000000 0.0000000000 0.0000000000 0.0000000000 0.0000000000 0.0000000000 0.0000000000 0.0000000000 0.0000000000 0.0000000000 0.0000000000 0.0000000000 0.0000000000 0.0000000000
0.0000000000 0.0000000000 0.0000000000 0.0000000000 0.0000000000 0.0000000000 0.0105000000 0.2325000000 0.4987000000 0.2225000000 0.0334000000 0.0023000000 0.0001000000 0.0000000000 0.0000000000 0.0000000000 0.0000000000 0.0000000000 0.0000000000 0.0000000000 0.0000000000
0.0000000000 0.0000000000 0.0000000000 0.0000000000 0.0000000000 0.0000000000 0.0000000000 0.0000000000 0.0056994301 0.0855914409 0.2987701230 0.3559644036 0.1889811019 0.0540945905 0.0095990401 0.0011998800 0.0000999900 0.0000000000 0.0000000000 0.0000000000 0.0000000000
0.0000000000 0.0000000000 0.0000000000 0.0000000000 0.0000000000 0.0000000000 0.0000000000 0.0000000000 0.0000000000 0.0006000000 0.0147000000 0.0981000000 0.2515000000 0.3064000000 0.2079000000 0.0884000000 0.0258000000 0.0056000000 0.0009000000 0.0001000000 0.0000000000
0.0000000000 0.0000000000 0.0000000000 0.0000000000 0.0000000000 0.0000000000 0.0000000000 0.0000000000 0.0000000000 0.0000000000 0.0004000000 0.0076000000 0.0534000000 0.1654000000 0.2659000000 0.2526000000 0.1565000000 0.0683000000 0.0223000000 0.0057000000 0.0019000000
0.0000000000 0.0000000000 0.0000000000 0.0000000000 0.0000000000 0.0000000000 0.0000000000 0.0000000000 0.0000000000 0.0000000000 0.0000000000 0.0006999300 0.0093990601 0.0533946605 0.1503849615 0.2407759224 0.2429757024 0.1676832317 0.0844915508 0.0326967303 0.0174982502
0.0000000000 0.0000000000 0.0000000000 0.0000000000 0.0000000000 0.0000000000 0.0000000000 0.0000000000 0.0000000000 0.0000000000 0.0000000000 0.0001000200 0.0023004601 0.0195039008 0.0780156031 0.1733346669 0.2377475495 0.2188437688 0.1445289058 0.0723144629 0.0533106621
0.0000000000 0.0000000000 0.0000000000 0.0000000000 0.0000000000 0.0000000000 0.0000000000 0.0000000000 0.0000000000 0.0000000000 0.0000000000 0.0000000000 0.0010001000 0.0099009901 0.0485048505 0.1297129713 0.2116211621 0.2292229223 0.1766176618 0.1021102110 0.0913091309
0.0000000000 0.0000000000 0.0000000000 0.0000000000 0.0000000000 0.0000000000 0.0000000000 0.0000000000 0.0000000000 0.0000000000 0.0000000000 0.0000000000 0.0007000000 0.0073000000 0.0390000000 0.1126000000 0.1972000000 0.2286000000 0.1876000000 0.1152000000 0.1118000000
0.0000000000 0.0000000000 0.0000000000 0.0000000000 0.0000000000 0.0000000000 0.0000000000 0.0000000000 0.0000000000 0.0000000000 0.0000000000 0.0000000000 0.0007000000 0.0076000000 0.0400000000 0.1145000000 0.1990000000 0.2288000000 0.1864000000 0.1137000000 0.1093000000
0.0000000000 0.0000000000 0.0000000000 0.0000000000 0.0000000000 0.0000000000 0.0000000000 0.0000000000 0.0000000000 0.0000000000 0.0000000000 0.0000000000 0.0010001000 0.0103010301 0.0500050005 0.1322132213 0.2135213521 0.2291229123 0.1749174917 0.1003100310 0.0886088609
0.0000000000 0.0000000000 0.0000000000 0.0000000000 0.0000000000 0.0000000000 0.0000000000 0.0000000000 0.0000000000 0.0000000000 0.0000000000 0.0001000100 0.0020002000 0.0170017002 0.0710071007 0.1641164116 0.2334233423 0.2224222422 0.1517151715 0.0782078208 0.0600060006
0.0000000000 0.0000000000 0.0000000000 0.0000000000 0.0000000000 0.0000000000 0.0000000000 0.0000000000 0.0000000000 0.0000000000 0.0000000000 0.0003000000 0.0045000000 0.0313000000 0.1073000000 0.2062000000 0.2470000000 0.2003000000 0.1173000000 0.0524000000 0.0334000000
0.0000000000 0.0000000000 0.0000000000 0.0000000000 0.0000000000 0.0000000000 0.0000000000 0.0000000000 0.0000000000 0.0000000000 0.0000000000 0.0008999100 0.0109989001 0.0596940306 0.1607839216 0.2468753125 0.2396760324 0.1594840516 0.0775922408 0.0290970903 0.0148985101
0.0000000000 0.0000000000 0.0000000000 0.0000000000 0.0000000000 0.0000000000 0.0000000000 0.0000000000 0.0000000000 0.0000000000 0.0001000100 0.0030003000 0.0275027503 0.1101110111 0.2243224322 0.2656265627 0.2022202220 0.1071107111 0.0420042004 0.0128012801 0.0052005201
0.0000000000 0.0000000000 0.0000000000 0.0000000000 0.0000000000 0.0000000000 0.0000000000 0.0000000000 0.0000000000 0.0000000000 0.0005000000 0.0100000000 0.0646000000 0.1843000000 0.2748000000 0.2433000000 0.1411000000 0.0579000000 0.0178000000 0.0043000000 0.0014000000
0.0000000000 0.0000000000 0.0000000000 0.0000000000 0.0000000000 0.0000000000 0.0000000000 0.0000000000 0.0000000000 0.0000999800 0.0025994801 0.0308938212 0.1336732653 0.2638472306 0.2797440512 0.1802639472 0.0776844631 0.0240951810 0.0056988602 0.0010997800 0.0002999400
0.0000000000 0.0000000000 0.0000000000 0.0000000000 0.0000000000 0.0000000000 0.0000000000 0.0000000000 0.0000000000 0.0004000400 0.0111011101 0.0819081908 0.2307230723 0.3064306431 0.2251225123 0.1031103110 0.0323032303 0.0074007401 0.0013001300 0.0002000200 0.0000000000
0.0000000000 0.0000000000 0.0000000000 0.0000000000 0.0000000000 0.0000000000 0.0000000000 0.0000000000 0.0000000000 0.0026000000 0.0394000000 0.1768000000 0.3150000000 0.2746000000 0.1366000000 0.0435000000 0.0097000000 0.0016000000 0.0002000000 0.0000000000 0.0000000000
0.0000000000 0.0000000000 0.0000000000 0.0000000000 0.0000000000 0.0000000000 0.0000000000 0.0000000000 0.0003000000 0.0132000000 0.1113000000 0.2946000000 0.3241000000 0.1814000000 0.0599000000 0.0130000000 0.0020000000 0.0002000000 0.0000000000 0.0000000000 0.0000000000
</ProbTable>
</Entry>
<Entry>
<Instance>a2 - -</Instance>
<ProbTable>1.0000000000 0.0000000000 0.0000000000 0.0000000000 0.0000000000 0.0000000000 0.0000000000 0.0000000000 0.0000000000 0.0000000000 0.0000000000 0.0000000000 0.0000000000 0.0000000000 0.0000000000 0.0000000000 0.0000000000 0.0000000000 0.0000000000 0.0000000000 0.0000000000
1.0000000000 0.0000000000 0.0000000000 0.0000000000 0.0000000000 0.0000000000 0.0000000000 0.0000000000 0.0000000000 0.0000000000 0.0000000000 0.0000000000 0.0000000000 0.0000000000 0.0000000000 0.0000000000 0.0000000000 0.0000000000 0.0000000000 0.0000000000 0.0000000000
0.0000000000 0.0000000000 0.0000000000 0.0006000000 0.5754000000 0.4161000000 0.0079000000 0.0000000000 0.0000000000 0.0000000000 0.0000000000 0.0000000000 0.0000000000 0.0000000000 0.0000000000 0.0000000000 0.0000000000 0.0000000000 0.0000000000 0.0000000000 0.0000000000
0.0000000000 0.0000000000 0.0000000000 0.0000000000 0.0000000000 0.0000000000 0.0105000000 0.2325000000 0.4987000000 0.2225000000 0.0334000000 0.0023000000 0.0001000000 0.0000000000 0.0000000000 0.0000000000 0.0000000000 0.0000000000 0.0000000000 0.0000000000 0.0000000000
0.0000000000 0.0000000000 0.0000000000 0.0000000000 0.0000000000 0.0000000000 0.0000000000 0.0000000000 0.0056994301 0.0855914409 0.2987701230 0.3559644036 0.1889811019 0.0540945905 0.0095990401 0.0011998800 0.0000999900 0.0000000000 0.0000000000 0.0000000000 0.0000000000
0.0000000000 0.0000000000 0.0000000000 0.0000000000 0.0000000000 0.0000000000 0.0000000000 0.0000000000 0.0000000000 0.0006000000 0.0147000000 0.0981000000 0.2515000000 0.3064000000 0.2079000000 0.0884000000 0.0258000000 0.0056000000 0.0009000000 0.0001000000 0.0000000000
0.0000000000 0.0000000000 0.0000000000 0.0000000000 0.0000000000 0.0000000000 0.0000000000 0.0000000000 0.0000000000 0.0000000000 0.0004000000 0.0076000000 0.0534000000 0.1654000000 0.2659000000 0.2526000000 0.1565000000 0.0683000000 0.0223000000 0.0057000000 0.0019000000
0.0000000000 0.0000000000 0.0000000000 0.0000000000 0.0000000000 0.0000000000 0.0000000000 0.0000000000 0.0000000000 0.0000000000 0.0000000000 0.0006999300 0.0093990601 0.0533946605 0.1503849615 0.2407759224 0.2429757024 0.1676832317 0.0844915508 0.0326967303 0.0174982502
0.0000000000 0.0000000000 0.0000000000 0.0000000000 0.0000000000 0.0000000000 0.0000000000 0.0000000000 0.0000000000 0.0000000000 0.0000000000 0.0001000200 0.0023004601 0.0195039008 0.0780156031 0.1733346669 0.2377475495 0.2188437688 0.1445289058 0.0723144629 0.0533106621
0.0000000000 0.0000000000 0.0000000000 0.0000000000 0.0000000000 0.0000000000 0.0000000000 0.0000000000 0.0000000000 0.0000000000 0.0000000000 0.0000000000 0.0010001000 0.0099009901 0.0485048505 0.1297129713 0.2116211621 0.2292229223 0.1766176618 0.1021102110 0.0913091309
0.0000000000 0.0000000000 0.0000000000 0.0000000000 0.0000000000 0.0000000000 0.0000000000 0.0000000000 0.0000000000 0.0000000000 0.0000000000 0.0000000000 0.0007000000 0.0073000000 0.0390000000 0.1126000000 0.1972000000 0.2286000000 0.1876000000 0.1152000000 0.1118000000
0.0000000000 0.0000000000 0.0000000000 0.0000000000 0.0000000000 0.0000000000 0.0000000000 0.0000000000 0.0000000000 0.0000000000 0.0000000000 0.0000000000 0.0007000000 0.0076000000 0.0400000000 0.1145000000 0.1990000000 0.2288000000 0.1864000000 0.1137000000 0.1093000000
0.0000000000 0.0000000000 0.0000000000 0.0000000000 0.0000000000 0.0000000000 0.0000000000 0.0000000000 0.0000000000 0.0000000000 0.0000000000 0.0000000000 0.0010001000 0.0103010301 0.0500050005 0.1322132213 0.2135213521 0.2291229123 0.1749174917 0.1003100310 0.0886088609
0.0000000000 0.0000000000 0.0000000000 0.0000000000 0.0000000000 0.0000000000 0.0000000000 0.0000000000 0.0000000000 0.0000000000 0.0000000000 0.0001000100 0.0020002000 0.0170017002 0.0710071007 0.1641164116 0.2334233423 0.2224222422 0.1517151715 0.0782078208 0.0600060006
0.0000000000 0.0000000000 0.0000000000 0.0000000000 0.0000000000 0.0000000000 0.0000000000 0.0000000000 0.0000000000 0.0000000000 0.0000000000 0.0003000000 0.0045000000 0.0313000000 0.1073000000 0.2062000000 0.2470000000 0.2003000000 0.1173000000 0.0524000000 0.0334000000
0.0000000000 0.0000000000 0.0000000000 0.0000000000 0.0000000000 0.0000000000 0.0000000000 0.0000000000 0.0000000000 0.0000000000 0.0000000000 0.0008999100 0.0109989001 0.0596940306 0.1607839216 0.2468753125 0.2396760324 0.1594840516 0.0775922408 0.0290970903 0.0148985101
0.0000000000 0.0000000000 0.0000000000 0.0000000000 0.0000000000 0.0000000000 0.0000000000 0.0000000000 0.0000000000 0.0000000000 0.0001000100 0.0030003000 0.0275027503 0.1101110111 0.2243224322 0.2656265627 0.2022202220 0.1071107111 0.0420042004 0.0128012801 0.0052005201
0.0000000000 0.0000000000 0.0000000000 0.0000000000 0.0000000000 0.0000000000 0.0000000000 0.0000000000 0.0000000000 0.0000000000 0.0005000000 0.0100000000 0.0646000000 0.1843000000 0.2748000000 0.2433000000 0.1411000000 0.0579000000 0.0178000000 0.0043000000 0.0014000000
0.0000000000 0.0000000000 0.0000000000 0.0000000000 0.0000000000 0.0000000000 0.0000000000 0.0000000000 0.0000000000 0.0000999800 0.0025994801 0.0308938212 0.1336732653 0.2638472306 0.2797440512 0.1802639472 0.0776844631 0.0240951810 0.0056988602 0.0010997800 0.0002999400
0.0000000000 0.0000000000 0.0000000000 0.0000000000 0.0000000000 0.0000000000 0.0000000000 0.0000000000 0.0000000000 0.0004000400 0.0111011101 0.0819081908 0.2307230723 0.3064306431 0.2251225123 0.1031103110 0.0323032303 0.0074007401 0.0013001300 0.0002000200 0.0000000000
0.0000000000 0.0000000000 0.0000000000 0.0000000000 0.0000000000 0.0000000000 0.0000000000 0.0000000000 0.0000000000 0.0026000000 0.0394000000 0.1768000000 0.3150000000 0.2746000000 0.1366000000 0.0435000000 0.0097000000 0.0016000000 0.0002000000 0.0000000000 0.0000000000
</ProbTable>
</Entry>
<Entry>
<Instance>a3 - -</Instance>
<ProbTable>1.0000000000 0.0000000000 0.0000000000 0.0000000000 0.0000000000 0.0000000000 0.0000000000 0.0000000000 0.0000000000 0.0000000000 0.0000000000 0.0000000000 0.0000000000 0.0000000000 0.0000000000 0.0000000000 0.0000000000 0.0000000000 0.0000000000 0.0000000000 0.0000000000
1.0000000000 0.0000000000 0.0000000000 0.0000000000 0.0000000000 0.0000000000 0.0000000000 0.0000000000 0.0000000000 0.0000000000 0.0000000000 0.0000000000 0.0000000000 0.0000000000 0.0000000000 0.0000000000 0.0000000000 0.0000000000 0.0000000000 0.0000000000 0.0000000000
1.0000000000 0.0000000000 0.0000000000 0.0000000000 0.0000000000 0.0000000000 0.0000000000 0.0000000000 0.0000000000 0.0000000000 0.0000000000 0.0000000000 0.0000000000 0.0000000000 0.0000000000 0.0000000000 0.0000000000 0.0000000000 0.0000000000 0.0000000000 0.0000000000
0.0000000000 0.0000000000 0.0000000000 0.0006000000 0.5754000000 0.4161000000 0.0079000000 0.0000000000 0.0000000000 0.0000000000 0.0000000000 0.0000000000 0.0000000000 0.0000000000 0.0000000000 0.0000000000 0.0000000000 0.0000000000 0.0000000000 0.0000000000 0.0000000000
0.0000000000 0.0000000000 0.0000000000 0.0000000000 0.0000000000 0.0000000000 0.0105000000 0.2325000000 0.4987000000 0.2225000000 0.0334000000 0.0023000000 0.0001000000 0.0000000000 0.0000000000 0.0000000000 0.0000000000 0.0000000000 0.0000000000 0.0000000000 0.0000000000
0.0000000000 0.0000000000 0.0000000000 0.0000000000 0.0000000000 0.0000000000 0.0000000000 0.0000000000 0.0056994301 0.0855914409 0.2987701230 0.3559644036 0.1889811019 0.0540945905 0.0095990401 0.0011998800 0.0000999900 0.0000000000 0.0000000000 0.0000000000 0.0000000000
0.0000000000 0.0000000000 0.0000000000 0.0000000000 0.0000000000 0.0000000000 0.0000000000 0.0000000000 0.0000000000 0.0006000000 0.0147000000 0.0981000000 0.2515000000 0.3064000000 0.2079000000 0.0884000000 0.0258000000 0.0056000000 0.0009000000 0.0001000000 0.0000000000
0.0000000000 0.0000000000 0.0000000000 0.0000000000 0.0000000000 0.0000000000 0.0000000000 0.0000000000 0.0000000000 0.0000000000 0.0004000000 0.0076000000 0.0534000000 0.1654000000 0.2659000000 0.2526000000 0.1565000000 0.0683000000 0.0223000000 0.0057000000 0.0019000000
0.0000000000 0.0000000000 0.0000000000 0.0000000000 0.0000000000 0.0000000000 0.0000000000 0.0000000000 0.0000000000 0.0000000000 0.0000000000 0.0006999300 0.0093990601 0.0533946605 0.1503849615 0.2407759224 0.2429757024 0.1676832317 0.0844915508 0.0326967303 0.0174982502
0.0000000000 0.0000000000 0.0000000000 0.0000000000 0.0000000000 0.0000000000 0.0000000000 0.0000000000 0.0000000000 0.0000000000 0.0000000000 0.0001000200 0.0023004601 0.0195039008 0.0780156031 0.1733346669 0.2377475495 0.2188437688 0.1445289058 0.0723144629 0.0533106621
0.0000000000 0.0000000000 0.0000000000 0.0000000000 0.0000000000 0.0000000000 0.0000000000 0.0000000000 0.0000000000 0.0000000000 0.0000000000 0.0000000000 0.0010001000 0.0099009901 0.0485048505 0.1297129713 0.2116211621 0.2292229223 0.1766176618 0.1021102110 0.0913091309
0.0000000000 0.0000000000 0.0000000000 0.0000000000 0.0000000000 0.0000000000 0.0000000000 0.0000000000 0.0000000000 0.0000000000 0.0000000000 0.0000000000 0.0007000000 0.0073000000 0.0390000000 0.1126000000 0.1972000000 0.2286000000 0.1876000000 0.1152000000 0.1118000000
0.0000000000 0.0000000000 0.0000000000 0.0000000000 0.0000000000 0.0000000000 0.0000000000 0.0000000000 0.0000000000 0.0000000000 0.0000000000 0.0000000000 0.0007000000 0.0076000000 0.0400000000 0.1145000000 0.1990000000 0.2288000000 0.1864000000 0.1137000000 0.1093000000
0.0000000000 0.0000000000 0.0000000000 0.0000000000 0.0000000000 0.0000000000 0.0000000000 0.0000000000 0.0000000000 0.0000000000 0.0000000000 0.0000000000 0.0010001000 0.0103010301 0.0500050005 0.1322132213 0.2135213521 0.2291229123 0.1749174917 0.1003100310 0.0886088609
0.0000000000 0.0000000000 0.0000000000 0.0000000000 0.0000000000 0.0000000000 0.0000000000 0.0000000000 0.0000000000 0.0000000000 0.0000000000 0.0001000100 0.0020002000 0.0170017002 0.0710071007 0.1641164116 0.2334233423 0.2224222422 0.1517151715 0.0782078208 0.0600060006
0.0000000000 0.0000000000 0.0000000000 0.0000000000 0.0000000000 0.0000000000 0.0000000000 0.0000000000 0.0000000000 0.0000000000 0.0000000000 0.0003000000 0.0045000000 0.0313000000 0.1073000000 0.2062000000 0.2470000000 0.2003000000 0.1173000000 0.0524000000 0.0334000000
0.0000000000 0.0000000000 0.0000000000 0.0000000000 0.0000000000 0.0000000000 0.0000000000 0.0000000000 0.0000000000 0.0000000000 0.0000000000 0.0008999100 0.0109989001 0.0596940306 0.1607839216 0.2468753125 0.2396760324 0.1594840516 0.0775922408 0.0290970903 0.0148985101
0.0000000000 0.0000000000 0.0000000000 0.0000000000 0.0000000000 0.0000000000 0.0000000000 0.0000000000 0.0000000000 0.0000000000 0.0001000100 0.0030003000 0.0275027503 0.1101110111 0.2243224322 0.2656265627 0.2022202220 0.1071107111 0.0420042004 0.0128012801 0.0052005201
0.0000000000 0.0000000000 0.0000000000 0.0000000000 0.0000000000 0.0000000000 0.0000000000 0.0000000000 0.0000000000 0.0000000000 0.0005000000 0.0100000000 0.0646000000 0.1843000000 0.2748000000 0.2433000000 0.1411000000 0.0579000000 0.0178000000 0.0043000000 0.0014000000
0.0000000000 0.0000000000 0.0000000000 0.0000000000 0.0000000000 0.0000000000 0.0000000000 0.0000000000 0.0000000000 0.0000999800 0.0025994801 0.0308938212 0.1336732653 0.2638472306 0.2797440512 0.1802639472 0.0776844631 0.0240951810 0.0056988602 0.0010997800 0.0002999400
0.0000000000 0.0000000000 0.0000000000 0.0000000000 0.0000000000 0.0000000000 0.0000000000 0.0000000000 0.0000000000 0.0004000400 0.0111011101 0.0819081908 0.2307230723 0.3064306431 0.2251225123 0.1031103110 0.0323032303 0.0074007401 0.0013001300 0.0002000200 0.0000000000
</ProbTable>
</Entry>
<Entry>
<Instance>a4 - -</Instance>
<ProbTable>1.0000000000 0.0000000000 0.0000000000 0.0000000000 0.0000000000 0.0000000000 0.0000000000 0.0000000000 0.0000000000 0.0000000000 0.0000000000 0.0000000000 0.0000000000 0.0000000000 0.0000000000 0.0000000000 0.0000000000 0.0000000000 0.0000000000 0.0000000000 0.0000000000
1.0000000000 0.0000000000 0.0000000000 0.0000000000 0.0000000000 0.0000000000 0.0000000000 0.0000000000 0.0000000000 0.0000000000 0.0000000000 0.0000000000 0.0000000000 0.0000000000 0.0000000000 0.0000000000 0.0000000000 0.0000000000 0.0000000000 0.0000000000 0.0000000000
1.0000000000 0.0000000000 0.0000000000 0.0000000000 0.0000000000 0.0000000000 0.0000000000 0.0000000000 0.0000000000 0.0000000000 0.0000000000 0.0000000000 0.0000000000 0.0000000000 0.0000000000 0.0000000000 0.0000000000 0.0000000000 0.0000000000 0.0000000000 0.0000000000
1.0000000000 0.0000000000 0.0000000000 0.0000000000 0.0000000000 0.0000000000 0.0000000000 0.0000000000 0.0000000000 0.0000000000 0.0000000000 0.0000000000 0.0000000000 0.0000000000 0.0000000000 0.0000000000 0.0000000000 0.0000000000 0.0000000000 0.0000000000 0.0000000000
0.0000000000 0.0000000000 0.0000000000 0.0006000000 0.5754000000 0.4161000000 0.0079000000 0.0000000000 0.0000000000 0.0000000000 0.0000000000 0.0000000000 0.0000000000 0.0000000000 0.0000000000 0.0000000000 0.0000000000 0.0000000000 0.0000000000 0.0000000000 0.0000000000
0.0000000000 0.0000000000 0.0000000000 0.0000000000 0.0000000000 0.0000000000 0.0105000000 0.2325000000 0.4987000000 0.2225000000 0.0334000000 0.0023000000 0.0001000000 0.0000000000 0.0000000000 0.0000000000 0.0000000000 0.0000000000 0.0000000000 0.0000000000 0.0000000000
0.0000000000 0.0000000000 0.0000000000 0.0000000000 0.0000000000 0.0000000000 0.0000000000 0.0000000000 0.0056994301 0.0855914409 0.2987701230 0.3559644036 0.1889811019 0.0540945905 0.0095990401 0.0011998800 0.0000999900 0.0000000000 0.0000000000 0.0000000000 0.0000000000
0.0000000000 0.0000000000 0.0000000000 0.0000000000 0.0000000000 0.0000000000 0.0000000000 0.0000000000 0.0000000000 0.0006000000 0.0147000000 0.0981000000 0.2515000000 0.3064000000 0.2079000000 0.0884000000 0.0258000000 0.0056000000 0.0009000000 0.0001000000 0.0000000000
0.0000000000 0.0000000000 0.0000000000 0.0000000000 0.0000000000 0.0000000000 0.0000000000 0.0000000000 0.0000000000 0.0000000000 0.0004000000 0.0076000000 0.0534000000 0.1654000000 0.2659000000 0.2526000000 0.1565000000 0.0683000000 0.0223000000 0.0057000000 0.0019000000
0.0000000000 0.0000000000 0.0000000000 0.0000000000 0.0000000000 0.0000000000 0.0000000000 0.0000000000 0.0000000000 0.0000000000 0.0000000000 0.0006999300 0.0093990601 0.0533946605 0.1503849615 0.2407759224 0.2429757024 0.1676832317 0.0844915508 0.0326967303 0.0174982502
0.0000000000 0.0000000000 0.0000000000 0.0000000000 0.0000000000 0.0000000000 0.0000000000 0.0000000000 0.0000000000 0.0000000000 0.0000000000 0.0001000200 0.0023004601 0.0195039008 0.0780156031 0.1733346669 0.2377475495 0.2188437688 0.1445289058 0.0723144629 0.0533106621
0.0000000000 0.0000000000 0.0000000000 0.0000000000 0.0000000000 0.0000000000 0.0000000000 0.0000000000 0.0000000000 0.0000000000 0.0000000000 0.0000000000 0.0010001000 0.0099009901 0.0485048505 0.1297129713 0.2116211621 0.2292229223 0.1766176618 0.1021102110 0.0913091309
0.0000000000 0.0000000000 0.0000000000 0.0000000000 0.0000000000 0.0000000000 0.0000000000 0.0000000000 0.0000000000 0.0000000000 0.0000000000 0.0000000000 0.0007000000 0.0073000000 0.0390000000 0.1126000000 0.1972000000 0.2286000000 0.1876000000 0.1152000000 0.1118000000
0.0000000000 0.0000000000 0.0000000000 0.0000000000 0.0000000000 0.0000000000 0.0000000000 0.0000000000 0.0000000000 0.0000000000 0.0000000000 0.0000000000 0.0007000000 0.0076000000 0.0400000000 0.1145000000 0.1990000000 0.2288000000 0.1864000000 0.1137000000 0.1093000000
0.0000000000 0.0000000000 0.0000000000 0.0000000000 0.0000000000 0.0000000000 0.0000000000 0.0000000000 0.0000000000 0.0000000000 0.0000000000 0.0000000000 0.0010001000 0.0103010301 0.0500050005 0.1322132213 0.2135213521 0.2291229123 0.1749174917 0.1003100310 0.0886088609
0.0000000000 0.0000000000 0.0000000000 0.0000000000 0.0000000000 0.0000000000 0.0000000000 0.0000000000 0.0000000000 0.0000000000 0.0000000000 0.0001000100 0.0020002000 0.0170017002 0.0710071007 0.1641164116 0.2334233423 0.2224222422 0.1517151715 0.0782078208 0.0600060006
0.0000000000 0.0000000000 0.0000000000 0.0000000000 0.0000000000 0.0000000000 0.0000000000 0.0000000000 0.0000000000 0.0000000000 0.0000000000 0.0003000000 0.0045000000 0.0313000000 0.1073000000 0.2062000000 0.2470000000 0.2003000000 0.1173000000 0.0524000000 0.0334000000
0.0000000000 0.0000000000 0.0000000000 0.0000000000 0.0000000000 0.0000000000 0.0000000000 0.0000000000 0.0000000000 0.0000000000 0.0000000000 0.0008999100 0.0109989001 0.0596940306 0.1607839216 0.2468753125 0.2396760324 0.1594840516 0.0775922408 0.0290970903 0.0148985101
0.0000000000 0.0000000000 0.0000000000 0.0000000000 0.0000000000 0.0000000000 0.0000000000 0.0000000000 0.0000000000 0.0000000000 0.0001000100 0.0030003000 0.0275027503 0.1101110111 0.2243224322 0.2656265627 0.2022202220 0.1071107111 0.0420042004 0.0128012801 0.0052005201
0.0000000000 0.0000000000 0.0000000000 0.0000000000 0.0000000000 0.0000000000 0.0000000000 0.0000000000 0.0000000000 0.0000000000 0.0005000000 0.0100000000 0.0646000000 0.1843000000 0.2748000000 0.2433000000 0.1411000000 0.0579000000 0.0178000000 0.0043000000 0.0014000000
0.0000000000 0.0000000000 0.0000000000 0.0000000000 0.0000000000 0.0000000000 0.0000000000 0.0000000000 0.0000000000 0.0000999800 0.0025994801 0.0308938212 0.1336732653 0.2638472306 0.2797440512 0.1802639472 0.0776844631 0.0240951810 0.0056988602 0.0010997800 0.0002999400
</ProbTable>
</Entry>
<Entry>
<Instance>a5 - -</Instance>
<ProbTable>1.0000000000 0.0000000000 0.0000000000 0.0000000000 0.0000000000 0.0000000000 0.0000000000 0.0000000000 0.0000000000 0.0000000000 0.0000000000 0.0000000000 0.0000000000 0.0000000000 0.0000000000 0.0000000000 0.0000000000 0.0000000000 0.0000000000 0.0000000000 0.0000000000
1.0000000000 0.0000000000 0.0000000000 0.0000000000 0.0000000000 0.0000000000 0.0000000000 0.0000000000 0.0000000000 0.0000000000 0.0000000000 0.0000000000 0.0000000000 0.0000000000 0.0000000000 0.0000000000 0.0000000000 0.0000000000 0.0000000000 0.0000000000 0.0000000000
1.0000000000 0.0000000000 0.0000000000 0.0000000000 0.0000000000 0.0000000000 0.0000000000 0.0000000000 0.0000000000 0.0000000000 0.0000000000 0.0000000000 0.0000000000 0.0000000000 0.0000000000 0.0000000000 0.0000000000 0.0000000000 0.0000000000 0.0000000000 0.0000000000
1.0000000000 0.0000000000 0.0000000000 0.0000000000 0.0000000000 0.0000000000 0.0000000000 0.0000000000 0.0000000000 0.0000000000 0.0000000000 0.0000000000 0.0000000000 0.0000000000 0.0000000000 0.0000000000 0.0000000000 0.0000000000 0.0000000000 0.0000000000 0.0000000000
1.0000000000 0.0000000000 0.0000000000 0.0000000000 0.0000000000 0.0000000000 0.0000000000 0.0000000000 0.0000000000 0.0000000000 0.0000000000 0.0000000000 0.0000000000 0.0000000000 0.0000000000 0.0000000000 0.0000000000 0.0000000000 0.0000000000 0.0000000000 0.0000000000
0.0000000000 0.0000000000 0.0000000000 0.0006000000 0.5754000000 0.4161000000 0.0079000000 0.0000000000 0.0000000000 0.0000000000 0.0000000000 0.0000000000 0.0000000000 0.0000000000 0.0000000000 0.0000000000 0.0000000000 0.0000000000 0.0000000000 0.0000000000 0.0000000000
0.0000000000 0.0000000000 0.0000000000 0.0000000000 0.0000000000 0.0000000000 0.0105000000 0.2325000000 0.4987000000 0.2225000000 0.0334000000 0.0023000000 0.0001000000 0.0000000000 0.0000000000 0.0000000000 0.0000000000 0.0000000000 0.0000000000 0.0000000000 0.0000000000
0.0000000000 0.0000000000 0.0000000000 0.0000000000 0.0000000000 0.0000000000 0.0000000000 0.0000000000 0.0056994301 0.0855914409 0.2987701230 0.3559644036 0.1889811019 0.0540945905 0.0095990401 0.0011998800 0.0000999900 0.0000000000 0.0000000000 0.0000000000 0.0000000000
0.0000000000 0.0000000000 0.0000000000 0.0000000000 0.0000000000 0.0000000000 0.0000000000 0.0000000000 0.0000000000 0.0006000000 0.0147000000 0.0981000000 0.2515000000 0.3064000000 0.2079000000 0.0884000000 0.0258000000 0.0056000000 0.0009000000 0.0001000000 0.0000000000
0.0000000000 0.0000000000 0.0000000000 0.0000000000 0.0000000000 0.0000000000 0.0000000000 0.0000000000 0.0000000000 0.0000000000 0.0004000000 0.0076000000 0.0534000000 0.1654000000 0.2659000000 0.2526000000 0.1565000000 0.0683000000 0.0223000000 0.0057000000 0.0019000000
0.0000000000 0.0000000000 0.0000000000 0.0000000000 0.0000000000 0.0000000000 0.0000000000 0.0000000000 0.0000000000 0.0000000000 0.0000000000 0.0006999300 0.0093990601 0.0533946605 0.1503849615 0.2407759224 0.2429757024 0.1676832317 0.0844915508 0.0326967303 0.0174982502
0.0000000000 0.0000000000 0.0000000000 0.0000000000 0.0000000000 0.0000000000 0.0000000000 0.0000000000 0.0000000000 0.0000000000 0.0000000000 0.0001000200 0.0023004601 0.0195039008 0.0780156031 0.1733346669 0.2377475495 0.2188437688 0.1445289058 0.0723144629 0.0533106621
0.0000000000 0.0000000000 0.0000000000 0.0000000000 0.0000000000 0.0000000000 0.0000000000 0.0000000000 0.0000000000 0.0000000000 0.0000000000 0.0000000000 0.0010001000 0.0099009901 0.0485048505 0.1297129713 0.2116211621 0.2292229223 0.1766176618 0.1021102110 0.0913091309
0.0000000000 0.0000000000 0.0000000000 0.0000000000 0.0000000000 0.0000000000 0.0000000000 0.0000000000 0.0000000000 0.0000000000 0.0000000000 0.0000000000 0.0007000000 0.0073000000 0.0390000000 0.1126000000 0.1972000000 0.2286000000 0.1876000000 0.1152000000 0.1118000000
0.0000000000 0.0000000000 0.0000000000 0.0000000000 0.0000000000 0.0000000000 0.0000000000 0.0000000000 0.0000000000 0.0000000000 0.0000000000 0.0000000000 0.0007000000 0.0076000000 0.0400000000 0.1145000000 0.1990000000 0.2288000000 0.1864000000 0.1137000000 0.1093000000
0.0000000000 0.0000000000 0.0000000000 0.0000000000 0.0000000000 0.0000000000 0.0000000000 0.0000000000 0.0000000000 0.0000000000 0.0000000000 0.0000000000 0.0010001000 0.0103010301 0.0500050005 0.1322132213 0.2135213521 0.2291229123 0.1749174917 0.1003100310 0.0886088609
0.0000000000 0.0000000000 0.0000000000 0.0000000000 0.0000000000 0.0000000000 0.0000000000 0.0000000000 0.0000000000 0.0000000000 0.0000000000 0.0001000100 0.0020002000 0.0170017002 0.0710071007 0.1641164116 0.2334233423 0.2224222422 0.1517151715 0.0782078208 0.0600060006
0.0000000000 0.0000000000 0.0000000000 0.0000000000 0.0000000000 0.0000000000 0.0000000000 0.0000000000 0.0000000000 0.0000000000 0.0000000000 0.0003000000 0.0045000000 0.0313000000 0.1073000000 0.2062000000 0.2470000000 0.2003000000 0.1173000000 0.0524000000 0.0334000000
0.0000000000 0.0000000000 0.0000000000 0.0000000000 0.0000000000 0.0000000000 0.0000000000 0.0000000000 0.0000000000 0.0000000000 0.0000000000 0.0008999100 0.0109989001 0.0596940306 0.1607839216 0.2468753125 0.2396760324 0.1594840516 0.0775922408 0.0290970903 0.0148985101
0.0000000000 0.0000000000 0.0000000000 0.0000000000 0.0000000000 0.0000000000 0.0000000000 0.0000000000 0.0000000000 0.0000000000 0.0001000100 0.0030003000 0.0275027503 0.1101110111 0.2243224322 0.2656265627 0.2022202220 0.1071107111 0.0420042004 0.0128012801 0.0052005201
0.0000000000 0.0000000000 0.0000000000 0.0000000000 0.0000000000 0.0000000000 0.0000000000 0.0000000000 0.0000000000 0.0000000000 0.0005000000 0.0100000000 0.0646000000 0.1843000000 0.2748000000 0.2433000000 0.1411000000 0.0579000000 0.0178000000 0.0043000000 0.0014000000
</ProbTable>
</Entry>
<Entry>
<Instance>a6 - -</Instance>
<ProbTable>1.0000000000 0.0000000000 0.0000000000 0.0000000000 0.0000000000 0.0000000000 0.0000000000 0.0000000000 0.0000000000 0.0000000000 0.0000000000 0.0000000000 0.0000000000 0.0000000000 0.0000000000 0.0000000000 0.0000000000 0.0000000000 0.0000000000 0.0000000000 0.0000000000
1.0000000000 0.0000000000 0.0000000000 0.0000000000 0.0000000000 0.0000000000 0.0000000000 0.0000000000 0.0000000000 0.0000000000 0.0000000000 0.0000000000 0.0000000000 0.0000000000 0.0000000000 0.0000000000 0.0000000000 0.0000000000 0.0000000000 0.0000000000 0.0000000000
1.0000000000 0.0000000000 0.0000000000 0.0000000000 0.0000000000 0.0000000000 0.0000000000 0.0000000000 0.0000000000 0.0000000000 0.0000000000 0.0000000000 0.0000000000 0.0000000000 0.0000000000 0.0000000000 0.0000000000 0.0000000000 0.0000000000 0.0000000000 0.0000000000
1.0000000000 0.0000000000 0.0000000000 0.0000000000 0.0000000000 0.0000000000 0.0000000000 0.0000000000 0.0000000000 0.0000000000 0.0000000000 0.0000000000 0.0000000000 0.0000000000 0.0000000000 0.0000000000 0.0000000000 0.0000000000 0.0000000000 0.0000000000 0.0000000000
1.0000000000 0.0000000000 0.0000000000 0.0000000000 0.0000000000 0.0000000000 0.0000000000 0.0000000000 0.0000000000 0.0000000000 0.0000000000 0.0000000000 0.0000000000 0.0000000000 0.0000000000 0.0000000000 0.0000000000 0.0000000000 0.0000000000 0.0000000000 0.0000000000
1.0000000000 0.0000000000 0.0000000000 0.0000000000 0.0000000000 0.0000000000 0.0000000000 0.0000000000 0.0000000000 0.0000000000 0.0000000000 0.0000000000 0.0000000000 0.0000000000 0.0000000000 0.0000000000 0.0000000000 0.0000000000 0.0000000000 0.0000000000 0.0000000000
0.0000000000 0.0000000000 0.0000000000 0.0006000000 0.5754000000 0.4161000000 0.0079000000 0.0000000000 0.0000000000 0.0000000000 0.0000000000 0.0000000000 0.0000000000 0.0000000000 0.0000000000 0.0000000000 0.0000000000 0.0000000000 0.0000000000 0.0000000000 0.0000000000
0.0000000000 0.0000000000 0.0000000000 0.0000000000 0.0000000000 0.0000000000 0.0105000000 0.2325000000 0.4987000000 0.2225000000 0.0334000000 0.0023000000 0.0001000000 0.0000000000 0.0000000000 0.0000000000 0.0000000000 0.0000000000 0.0000000000 0.0000000000 0.0000000000
0.0000000000 0.0000000000 0.0000000000 0.0000000000 0.0000000000 0.0000000000 0.0000000000 0.0000000000 0.0056994301 0.0855914409 0.2987701230 0.3559644036 0.1889811019 0.0540945905 0.0095990401 0.0011998800 0.0000999900 0.0000000000 0.0000000000 0.0000000000 0.0000000000
0.0000000000 0.0000000000 0.0000000000 0.0000000000 0.0000000000 0.0000000000 0.0000000000 0.0000000000 0.0000000000 0.0006000000 0.0147000000 0.0981000000 0.2515000000 0.3064000000 0.2079000000 0.0884000000 0.0258000000 0.0056000000 0.0009000000 0.0001000000 0.0000000000
0.0000000000 0.0000000000 0.0000000000 0.0000000000 0.0000000000 0.0000000000 0.0000000000 0.0000000000 0.0000000000 0.0000000000 0.0004000000 0.0076000000 0.0534000000 0.1654000000 0.2659000000 0.2526000000 0.1565000000 0.0683000000 0.0223000000 0.0057000000 0.0019000000
0.0000000000 0.0000000000 0.0000000000 0.0000000000 0.0000000000 0.0000000000 0.0000000000 0.0000000000 0.0000000000 0.0000000000 0.0000000000 0.0006999300 0.0093990601 0.0533946605 0.1503849615 0.2407759224 0.2429757024 0.1676832317 0.0844915508 0.0326967303 0.0174982502
0.0000000000 0.0000000000 0.0000000000 0.0000000000 0.0000000000 0.0000000000 0.0000000000 0.0000000000 0.0000000000 0.0000000000 0.0000000000 0.0001000200 0.0023004601 0.0195039008 0.0780156031 0.1733346669 0.2377475495 0.2188437688 0.1445289058 0.0723144629 0.0533106621
0.0000000000 0.0000000000 0.0000000000 0.0000000000 0.0000000000 0.0000000000 0.0000000000 0.0000000000 0.0000000000 0.0000000000 0.0000000000 0.0000000000 0.0010001000 0.0099009901 0.0485048505 0.1297129713 0.2116211621 0.2292229223 0.1766176618 0.1021102110 0.0913091309
0.0000000000 0.0000000000 0.0000000000 0.0000000000 0.0000000000 0.0000000000 0.0000000000 0.0000000000 0.0000000000 0.0000000000 0.0000000000 0.0000000000 0.0007000000 0.0073000000 0.0390000000 0.1126000000 0.1972000000 0.2286000000 0.1876000000 0.1152000000 0.1118000000
0.0000000000 0.0000000000 0.0000000000 0.0000000000 0.0000000000 0.0000000000 0.0000000000 0.0000000000 0.0000000000 0.0000000000 0.0000000000 0.0000000000 0.0007000000 0.0076000000 0.0400000000 0.1145000000 0.1990000000 0.2288000000 0.1864000000 0.1137000000 0.1093000000
0.0000000000 0.0000000000 0.0000000000 0.0000000000 0.0000000000 0.0000000000 0.0000000000 0.0000000000 0.0000000000 0.0000000000 0.0000000000 0.0000000000 0.0010001000 0.0103010301 0.0500050005 0.1322132213 0.2135213521 0.2291229123 0.1749174917 0.1003100310 0.0886088609
0.0000000000 0.0000000000 0.0000000000 0.0000000000 0.0000000000 0.0000000000 0.0000000000 0.0000000000 0.0000000000 0.0000000000 0.0000000000 0.0001000100 0.0020002000 0.0170017002 0.0710071007 0.1641164116 0.2334233423 0.2224222422 0.1517151715 0.0782078208 0.0600060006
0.0000000000 0.0000000000 0.0000000000 0.0000000000 0.0000000000 0.0000000000 0.0000000000 0.0000000000 0.0000000000 0.0000000000 0.0000000000 0.0003000000 0.0045000000 0.0313000000 0.1073000000 0.2062000000 0.2470000000 0.2003000000 0.1173000000 0.0524000000 0.0334000000
0.0000000000 0.0000000000 0.0000000000 0.0000000000 0.0000000000 0.0000000000 0.0000000000 0.0000000000 0.0000000000 0.0000000000 0.0000000000 0.0008999100 0.0109989001 0.0596940306 0.1607839216 0.2468753125 0.2396760324 0.1594840516 0.0775922408 0.0290970903 0.0148985101
0.0000000000 0.0000000000 0.0000000000 0.0000000000 0.0000000000 0.0000000000 0.0000000000 0.0000000000 0.0000000000 0.0000000000 0.0001000100 0.0030003000 0.0275027503 0.1101110111 0.2243224322 0.2656265627 0.2022202220 0.1071107111 0.0420042004 0.0128012801 0.0052005201
</ProbTable>
</Entry>
<Entry>
<Instance>a7 - -</Instance>
<ProbTable>1.0000000000 0.0000000000 0.0000000000 0.0000000000 0.0000000000 0.0000000000 0.0000000000 0.0000000000 0.0000000000 0.0000000000 0.0000000000 0.0000000000 0.0000000000 0.0000000000 0.0000000000 0.0000000000 0.0000000000 0.0000000000 0.0000000000 0.0000000000 0.0000000000
1.0000000000 0.0000000000 0.0000000000 0.0000000000 0.0000000000 0.0000000000 0.0000000000 0.0000000000 0.0000000000 0.0000000000 0.0000000000 0.0000000000 0.0000000000 0.0000000000 0.0000000000 0.0000000000 0.0000000000 0.0000000000 0.0000000000 0.0000000000 0.0000000000
1.0000000000 0.0000000000 0.0000000000 0.0000000000 0.0000000000 0.0000000000 0.0000000000 0.0000000000 0.0000000000 0.0000000000 0.0000000000 0.0000000000 0.0000000000 0.0000000000 0.0000000000 0.0000000000 0.0000000000 0.0000000000 0.0000000000 0.0000000000 0.0000000000
1.0000000000 0.0000000000 0.0000000000 0.0000000000 0.0000000000 0.0000000000 0.0000000000 0.0000000000 0.0000000000 0.0000000000 0.0000000000 0.0000000000 0.0000000000 0.0000000000 0.0000000000 0.0000000000 0.0000000000 0.0000000000 0.0000000000 0.0000000000 0.0000000000
1.0000000000 0.0000000000 0.0000000000 0.0000000000 0.0000000000 0.0000000000 0.0000000000 0.0000000000 0.0000000000 0.0000000000 0.0000000000 0.0000000000 0.0000000000 0.0000000000 0.0000000000 0.0000000000 0.0000000000 0.0000000000 0.0000000000 0.0000000000 0.0000000000
1.0000000000 0.0000000000 0.0000000000 0.0000000000 0.0000000000 0.0000000000 0.0000000000 0.0000000000 0.0000000000 0.0000000000 0.0000000000 0.0000000000 0.0000000000 0.0000000000 0.0000000000 0.0000000000 0.0000000000 0.0000000000 0.0000000000 0.0000000000 0.0000000000
1.0000000000 0.0000000000 0.0000000000 0.0000000000 0.0000000000 0.0000000000 0.0000000000 0.0000000000 0.0000000000 0.0000000000 0.0000000000 0.0000000000 0.0000000000 0.0000000000 0.0000000000 0.0000000000 0.0000000000 0.0000000000 0.0000000000 0.0000000000 0.0000000000
0.0000000000 0.0000000000 0.0000000000 0.0006000000 0.5754000000 0.4161000000 0.0079000000 0.0000000000 0.0000000000 0.0000000000 0.0000000000 0.0000000000 0.0000000000 0.0000000000 0.0000000000 0.0000000000 0.0000000000 0.0000000000 0.0000000000 0.0000000000 0.0000000000
0.0000000000 0.0000000000 0.0000000000 0.0000000000 0.0000000000 0.0000000000 0.0105000000 0.2325000000 0.4987000000 0.2225000000 0.0334000000 0.0023000000 0.0001000000 0.0000000000 0.0000000000 0.0000000000 0.0000000000 0.0000000000 0.0000000000 0.0000000000 0.0000000000
0.0000000000 0.0000000000 0.0000000000 0.0000000000 0.0000000000 0.0000000000 0.0000000000 0.0000000000 0.0056994301 0.0855914409 0.2987701230 0.3559644036 0.1889811019 0.0540945905 0.0095990401 0.0011998800 0.0000999900 0.0000000000 0.0000000000 0.0000000000 0.0000000000
0.0000000000 0.0000000000 0.0000000000 0.0000000000 0.0000000000 0.0000000000 0.0000000000 0.0000000000 0.0000000000 0.0006000000 0.0147000000 0.0981000000 0.2515000000 0.3064000000 0.2079000000 0.0884000000 0.0258000000 0.0056000000 0.0009000000 0.0001000000 0.0000000000
0.0000000000 0.0000000000 0.0000000000 0.0000000000 0.0000000000 0.0000000000 0.0000000000 0.0000000000 0.0000000000 0.0000000000 0.0004000000 0.0076000000 0.0534000000 0.1654000000 0.2659000000 0.2526000000 0.1565000000 0.0683000000 0.0223000000 0.0057000000 0.0019000000
0.0000000000 0.0000000000 0.0000000000 0.0000000000 0.0000000000 0.0000000000 0.0000000000 0.0000000000 0.0000000000 0.0000000000 0.0000000000 0.0006999300 0.0093990601 0.0533946605 0.1503849615 0.2407759224 0.2429757024 0.1676832317 0.0844915508 0.0326967303 0.0174982502
