<?xml version="1.0" encoding="ISO-8859-1"?>

<pomdpx version ="1.0" id="sample" xmlns:xsi="http://www.w3.org/2001/XMLSchema-instance"
      xsi:noNamespaceSchemaLocation="/Users/Milad/Documents/appl-0.96/doc/POMDPX/pomdpx.xsd">

<Description>POMDP model</Description>

<Discount>0.95</Discount>

<Variable>

<StateVar vnamePrev="ps_0" vnameCurr="ps_1" fullyObs="false">
<ValueEnum>a1 a2 a3 a4 a5 a6 a7 a8 a9 a10 a11 a12 a13 a14 a15 a16 a17 a18 a19 a20 a21</ValueEnum>
</StateVar>

<ObsVar vname="measurements">
<NumValues>21</NumValues>
</ObsVar>

<ActionVar vname="action_control">
<ValueEnum>a1 a2 a3 a4 a5 a6 a7 a8 a9 a10 a11 a12 a13 a14 a15 a16 a17 a18 a19 a20 a21</ValueEnum>
</ActionVar>

<RewardVar vname="reward_agent" />
</Variable>

<InitialStateBelief>
<CondProb>
<Var>ps_0</Var>
<Parent>null</Parent>
<Parameter type = "TBL">
<Entry>
<Instance>-</Instance>
<ProbTable>0.0476190476190476 0.0476190476190476 0.0476190476190476 0.0476190476190476 0.0476190476190476 0.0476190476190476 0.0476190476190476 0.0476190476190476 0.0476190476190476 0.0476190476190476 0.0476190476190476 0.0476190476190476 0.0476190476190476 0.0476190476190476 0.0476190476190476 0.0476190476190476 0.0476190476190476 0.0476190476190476 0.0476190476190476 0.0476190476190476 0.0476190476190476</ProbTable>
</Entry>
</Parameter>
</CondProb>

</InitialStateBelief>

<StateTransitionFunction>

<CondProb>
<Var>ps_1</Var>
<Parent>action_control ps_0</Parent>
<Parameter type="TBL">
<Entry>
<Instance>a1 - -</Instance>
<ProbTable>1.0000000000 0.0000000000 0.0000000000 0.0000000000 0.0000000000 0.0000000000 0.0000000000 0.0000000000 0.0000000000 0.0000000000 0.0000000000 0.0000000000 0.0000000000 0.0000000000 0.0000000000 0.0000000000 0.0000000000 0.0000000000 0.0000000000 0.0000000000 0.0000000000
0.0000000000 0.0000000000 0.0000000000 0.1721000000 0.8187000000 0.0092000000 0.0000000000 0.0000000000 0.0000000000 0.0000000000 0.0000000000 0.0000000000 0.0000000000 0.0000000000 0.0000000000 0.0000000000 0.0000000000 0.0000000000 0.0000000000 0.0000000000 0.0000000000
0.0000000000 0.0000000000 0.0000000000 0.0000000000 0.0000000000 0.0096990301 0.3443655634 0.5274472553 0.1117888211 0.0064993501 0.0001999800 0.0000000000 0.0000000000 0.0000000000 0.0000000000 0.0000000000 0.0000000000 0.0000000000 0.0000000000 0.0000000000 0.0000000000
0.0000000000 0.0000000000 0.0000000000 0.0000000000 0.0000000000 0.0000000000 0.0001000100 0.0138013801 0.1893189319 0.4332433243 0.2804280428 0.0727072707 0.0096009601 0.0008000800 0.0000000000 0.0000000000 0.0000000000 0.0000000000 0.0000000000 0.0000000000 0.0000000000
0.0000000000 0.0000000000 0.0000000000 0.0000000000 0.0000000000 0.0000000000 0.0000000000 0.0000000000 0.0019000000 0.0433000000 0.2170000000 0.3586000000 0.2566000000 0.0967000000 0.0221000000 0.0034000000 0.0004000000 0.0000000000 0.0000000000 0.0000000000 0.0000000000
0.0000000000 0.0000000000 0.0000000000 0.0000000000 0.0000000000 0.0000000000 0.0000000000 0.0000000000 0.0000000000 0.0010998900 0.0222977702 0.1269873013 0.2811718828 0.2993700630 0.1792820718 0.0678932107 0.0177982202 0.0034996500 0.0004999500 0.0000999900 0.0000000000
0.0000000000 0.0000000000 0.0000000000 0.0000000000 0.0000000000 0.0000000000 0.0000000000 0.0000000000 0.0000000000 0.0000000000 0.0018000000 0.0235000000 0.1131000000 0.2455000000 0.2842000000 0.1988000000 0.0925000000 0.0308000000 0.0078000000 0.0016000000 0.0004000000
0.0000000000 0.0000000000 0.0000000000 0.0000000000 0.0000000000 0.0000000000 0.0000000000 0.0000000000 0.0000000000 0.0000000000 0.0002000200 0.0047004700 0.0385038504 0.1358135814 0.2467246725 0.2626262626 0.1809180918 0.0872087209 0.0313031303 0.0088008801 0.0032003200
0.0000000000 0.0000000000 0.0000000000 0.0000000000 0.0000000000 0.0000000000 0.0000000000 0.0000000000 0.0000000000 0.0000000000 0.0000000000 0.0013000000 0.0154000000 0.0749000000 0.1832000000 0.2573000000 0.2298000000 0.1414000000 0.0639000000 0.0223000000 0.0105000000
0.0000000000 0.0000000000 0.0000000000 0.0000000000 0.0000000000 0.0000000000 0.0000000000 0.0000000000 0.0000000000 0.0000000000 0.0000000000 0.0006000000 0.0081000000 0.0481000000 0.1411000000 0.2346000000 0.2453000000 0.1750000000 0.0909000000 0.0362000000 0.0201000000
0.0000000000 0.0000000000 0.0000000000 0.0000000000 0.0000000000 0.0000000000 0.0000000000 0.0000000000 0.0000000000 0.0000000000 0.0000000000 0.0003999600 0.0057994201 0.0377962204 0.1212878712 0.2191780822 0.2476752325 0.1900809919 0.1057894211 0.0449955004 0.0269973003
0.0000000000 0.0000000000 0.0000000000 0.0000000000 0.0000000000 0.0000000000 0.0000000000 0.0000000000 0.0000000000 0.0000000000 0.0000000000 0.0003000300 0.0055005501 0.0363036304 0.1182118212 0.2164216422 0.2477247725 0.1924192419 0.1083108311 0.0465046505 0.0283028303
0.0000000000 0.0000000000 0.0000000000 0.0000000000 0.0000000000 0.0000000000 0.0000000000 0.0000000000 0.0000000000 0.0000000000 0.0000000000 0.0004000000 0.0066000000 0.0413000000 0.1284000000 0.2250000000 0.2472000000 0.1848000000 0.1003000000 0.0417000000 0.0243000000
0.0000000000 0.0000000000 0.0000000000 0.0000000000 0.0000000000 0.0000000000 0.0000000000 0.0000000000 0.0000000000 0.0000000000 0.0000000000 0.0007001400 0.0094018804 0.0535107021 0.1506301260 0.2409481896 0.2429485897 0.1675335067 0.0843168634 0.0326065213 0.0174034807
0.0000000000 0.0000000000 0.0000000000 0.0000000000 0.0000000000 0.0000000000 0.0000000000 0.0000000000 0.0000000000 0.0000000000 0.0000000000 0.0013001300 0.0155015502 0.0754075408 0.1839183918 0.2576257626 0.2294229423 0.1408140814 0.0635063506 0.0221022102 0.0104010401
0.0000000000 0.0000000000 0.0000000000 0.0000000000 0.0000000000 0.0000000000 0.0000000000 0.0000000000 0.0000000000 0.0000000000 0.0001000100 0.0030003000 0.0275027503 0.1101110111 0.2243224322 0.2656265627 0.2022202220 0.1071107111 0.0420042004 0.0128012801 0.0052005201
0.0000000000 0.0000000000 0.0000000000 0.0000000000 0.0000000000 0.0000000000 0.0000000000 0.0000000000 0.0000000000 0.0000000000 0.0003000300 0.0069006901 0.0503050305 0.1596159616 0.2627262726 0.2550255026 0.1612161216 0.0717071707 0.0239023902 0.0062006201 0.0021002100
0.0000000000 0.0000000000 0.0000000000 0.0000000000 0.0000000000 0.0000000000 0.0000000000 0.0000000000 0.0000000000 0.0000000000 0.0011000000 0.0165000000 0.0900000000 0.2199000000 0.2841000000 0.2201000000 0.1127000000 0.0411000000 0.0113000000 0.0025000000 0.0007000000
0.0000000000 0.0000000000 0.0000000000 0.0000000000 0.0000000000 0.0000000000 0.0000000000 0.0000000000 0.0000000000 0.0000999900 0.0034996500 0.0378962104 0.1512848715 0.2767723228 0.2734726527 0.1650834917 0.0668933107 0.0195980402 0.0043995600 0.0007999200 0.0001999800
0.0000000000 0.0000000000 0.0000000000 0.0000000000 0.0000000000 0.0000000000 0.0000000000 0.0000000000 0.0000000000 0.0004000000 0.0108000000 0.0809000000 0.2293000000 0.3063000000 0.2262000000 0.1041000000 0.0328000000 0.0076000000 0.0014000000 0.0002000000 0.0000000000
0.0000000000 0.0000000000 0.0000000000 0.0000000000 0.0000000000 0.0000000000 0.0000000000 0.0000000000 0.0000000000 0.0018001800 0.0307030703 0.1534153415 0.3016301630 0.2877287729 0.1556155616 0.0536053605 0.0129012901 0.0023002300 0.0003000300 0.0000000000 0.0000000000
</ProbTable>
</Entry>
<Entry>
<Instance>a2 - -</Instance>
<ProbTable>1.0000000000 0.0000000000 0.0000000000 0.0000000000 0.0000000000 0.0000000000 0.0000000000 0.0000000000 0.0000000000 0.0000000000 0.0000000000 0.0000000000 0.0000000000 0.0000000000 0.0000000000 0.0000000000 0.0000000000 0.0000000000 0.0000000000 0.0000000000 0.0000000000
1.0000000000 0.0000000000 0.0000000000 0.0000000000 0.0000000000 0.0000000000 0.0000000000 0.0000000000 0.0000000000 0.0000000000 0.0000000000 0.0000000000 0.0000000000 0.0000000000 0.0000000000 0.0000000000 0.0000000000 0.0000000000 0.0000000000 0.0000000000 0.0000000000
0.0000000000 0.0000000000 0.0000000000 0.1721000000 0.8187000000 0.0092000000 0.0000000000 0.0000000000 0.0000000000 0.0000000000 0.0000000000 0.0000000000 0.0000000000 0.0000000000 0.0000000000 0.0000000000 0.0000000000 0.0000000000 0.0000000000 0.0000000000 0.0000000000
0.0000000000 0.0000000000 0.0000000000 0.0000000000 0.0000000000 0.0096990301 0.3443655634 0.5274472553 0.1117888211 0.0064993501 0.0001999800 0.0000000000 0.0000000000 0.0000000000 0.0000000000 0.0000000000 0.0000000000 0.0000000000 0.0000000000 0.0000000000 0.0000000000
0.0000000000 0.0000000000 0.0000000000 0.0000000000 0.0000000000 0.0000000000 0.0001000100 0.0138013801 0.1893189319 0.4332433243 0.2804280428 0.0727072707 0.0096009601 0.0008000800 0.0000000000 0.0000000000 0.0000000000 0.0000000000 0.0000000000 0.0000000000 0.0000000000
0.0000000000 0.0000000000 0.0000000000 0.0000000000 0.0000000000 0.0000000000 0.0000000000 0.0000000000 0.0019000000 0.0433000000 0.2170000000 0.3586000000 0.2566000000 0.0967000000 0.0221000000 0.0034000000 0.0004000000 0.0000000000 0.0000000000 0.0000000000 0.0000000000
0.0000000000 0.0000000000 0.0000000000 0.0000000000 0.0000000000 0.0000000000 0.0000000000 0.0000000000 0.0000000000 0.0010998900 0.0222977702 0.1269873013 0.2811718828 0.2993700630 0.1792820718 0.0678932107 0.0177982202 0.0034996500 0.0004999500 0.0000999900 0.0000000000
0.0000000000 0.0000000000 0.0000000000 0.0000000000 0.0000000000 0.0000000000 0.0000000000 0.0000000000 0.0000000000 0.0000000000 0.0018000000 0.0235000000 0.1131000000 0.2455000000 0.2842000000 0.1988000000 0.0925000000 0.0308000000 0.0078000000 0.0016000000 0.0004000000
0.0000000000 0.0000000000 0.0000000000 0.0000000000 0.0000000000 0.0000000000 0.0000000000 0.0000000000 0.0000000000 0.0000000000 0.0002000200 0.0047004700 0.0385038504 0.1358135814 0.2467246725 0.2626262626 0.1809180918 0.0872087209 0.0313031303 0.0088008801 0.0032003200
0.0000000000 0.0000000000 0.0000000000 0.0000000000 0.0000000000 0.0000000000 0.0000000000 0.0000000000 0.0000000000 0.0000000000 0.0000000000 0.0013000000 0.0154000000 0.0749000000 0.1832000000 0.2573000000 0.2298000000 0.1414000000 0.0639000000 0.0223000000 0.0105000000
0.0000000000 0.0000000000 0.0000000000 0.0000000000 0.0000000000 0.0000000000 0.0000000000 0.0000000000 0.0000000000 0.0000000000 0.0000000000 0.0006000000 0.0081000000 0.0481000000 0.1411000000 0.2346000000 0.2453000000 0.1750000000 0.0909000000 0.0362000000 0.0201000000
0.0000000000 0.0000000000 0.0000000000 0.0000000000 0.0000000000 0.0000000000 0.0000000000 0.0000000000 0.0000000000 0.0000000000 0.0000000000 0.0003999600 0.0057994201 0.0377962204 0.1212878712 0.2191780822 0.2476752325 0.1900809919 0.1057894211 0.0449955004 0.0269973003
0.0000000000 0.0000000000 0.0000000000 0.0000000000 0.0000000000 0.0000000000 0.0000000000 0.0000000000 0.0000000000 0.0000000000 0.0000000000 0.0003000300 0.0055005501 0.0363036304 0.1182118212 0.2164216422 0.2477247725 0.1924192419 0.1083108311 0.0465046505 0.0283028303
0.0000000000 0.0000000000 0.0000000000 0.0000000000 0.0000000000 0.0000000000 0.0000000000 0.0000000000 0.0000000000 0.0000000000 0.0000000000 0.0004000000 0.0066000000 0.0413000000 0.1284000000 0.2250000000 0.2472000000 0.1848000000 0.1003000000 0.0417000000 0.0243000000
0.0000000000 0.0000000000 0.0000000000 0.0000000000 0.0000000000 0.0000000000 0.0000000000 0.0000000000 0.0000000000 0.0000000000 0.0000000000 0.0007001400 0.0094018804 0.0535107021 0.1506301260 0.2409481896 0.2429485897 0.1675335067 0.0843168634 0.0326065213 0.0174034807
0.0000000000 0.0000000000 0.0000000000 0.0000000000 0.0000000000 0.0000000000 0.0000000000 0.0000000000 0.0000000000 0.0000000000 0.0000000000 0.0013001300 0.0155015502 0.0754075408 0.1839183918 0.2576257626 0.2294229423 0.1408140814 0.0635063506 0.0221022102 0.0104010401
0.0000000000 0.0000000000 0.0000000000 0.0000000000 0.0000000000 0.0000000000 0.0000000000 0.0000000000 0.0000000000 0.0000000000 0.0001000100 0.0030003000 0.0275027503 0.1101110111 0.2243224322 0.2656265627 0.2022202220 0.1071107111 0.0420042004 0.0128012801 0.0052005201
0.0000000000 0.0000000000 0.0000000000 0.0000000000 0.0000000000 0.0000000000 0.0000000000 0.0000000000 0.0000000000 0.0000000000 0.0003000300 0.0069006901 0.0503050305 0.1596159616 0.2627262726 0.2550255026 0.1612161216 0.0717071707 0.0239023902 0.0062006201 0.0021002100
0.0000000000 0.0000000000 0.0000000000 0.0000000000 0.0000000000 0.0000000000 0.0000000000 0.0000000000 0.0000000000 0.0000000000 0.0011000000 0.0165000000 0.0900000000 0.2199000000 0.2841000000 0.2201000000 0.1127000000 0.0411000000 0.0113000000 0.0025000000 0.0007000000
0.0000000000 0.0000000000 0.0000000000 0.0000000000 0.0000000000 0.0000000000 0.0000000000 0.0000000000 0.0000000000 0.0000999900 0.0034996500 0.0378962104 0.1512848715 0.2767723228 0.2734726527 0.1650834917 0.0668933107 0.0195980402 0.0043995600 0.0007999200 0.0001999800
0.0000000000 0.0000000000 0.0000000000 0.0000000000 0.0000000000 0.0000000000 0.0000000000 0.0000000000 0.0000000000 0.0004000000 0.0108000000 0.0809000000 0.2293000000 0.3063000000 0.2262000000 0.1041000000 0.0328000000 0.0076000000 0.0014000000 0.0002000000 0.0000000000
</ProbTable>
</Entry>
<Entry>
<Instance>a3 - -</Instance>
<ProbTable>1.0000000000 0.0000000000 0.0000000000 0.0000000000 0.0000000000 0.0000000000 0.0000000000 0.0000000000 0.0000000000 0.0000000000 0.0000000000 0.0000000000 0.0000000000 0.0000000000 0.0000000000 0.0000000000 0.0000000000 0.0000000000 0.0000000000 0.0000000000 0.0000000000
1.0000000000 0.0000000000 0.0000000000 0.0000000000 0.0000000000 0.0000000000 0.0000000000 0.0000000000 0.0000000000 0.0000000000 0.0000000000 0.0000000000 0.0000000000 0.0000000000 0.0000000000 0.0000000000 0.0000000000 0.0000000000 0.0000000000 0.0000000000 0.0000000000
1.0000000000 0.0000000000 0.0000000000 0.0000000000 0.0000000000 0.0000000000 0.0000000000 0.0000000000 0.0000000000 0.0000000000 0.0000000000 0.0000000000 0.0000000000 0.0000000000 0.0000000000 0.0000000000 0.0000000000 0.0000000000 0.0000000000 0.0000000000 0.0000000000
0.0000000000 0.0000000000 0.0000000000 0.1721000000 0.8187000000 0.0092000000 0.0000000000 0.0000000000 0.0000000000 0.0000000000 0.0000000000 0.0000000000 0.0000000000 0.0000000000 0.0000000000 0.0000000000 0.0000000000 0.0000000000 0.0000000000 0.0000000000 0.0000000000
0.0000000000 0.0000000000 0.0000000000 0.0000000000 0.0000000000 0.0096990301 0.3443655634 0.5274472553 0.1117888211 0.0064993501 0.0001999800 0.0000000000 0.0000000000 0.0000000000 0.0000000000 0.0000000000 0.0000000000 0.0000000000 0.0000000000 0.0000000000 0.0000000000
0.0000000000 0.0000000000 0.0000000000 0.0000000000 0.0000000000 0.0000000000 0.0001000100 0.0138013801 0.1893189319 0.4332433243 0.2804280428 0.0727072707 0.0096009601 0.0008000800 0.0000000000 0.0000000000 0.0000000000 0.0000000000 0.0000000000 0.0000000000 0.0000000000
0.0000000000 0.0000000000 0.0000000000 0.0000000000 0.0000000000 0.0000000000 0.0000000000 0.0000000000 0.0019000000 0.0433000000 0.2170000000 0.3586000000 0.2566000000 0.0967000000 0.0221000000 0.0034000000 0.0004000000 0.0000000000 0.0000000000 0.0000000000 0.0000000000
0.0000000000 0.0000000000 0.0000000000 0.0000000000 0.0000000000 0.0000000000 0.0000000000 0.0000000000 0.0000000000 0.0010998900 0.0222977702 0.1269873013 0.2811718828 0.2993700630 0.1792820718 0.0678932107 0.0177982202 0.0034996500 0.0004999500 0.0000999900 0.0000000000
0.0000000000 0.0000000000 0.0000000000 0.0000000000 0.0000000000 0.0000000000 0.0000000000 0.0000000000 0.0000000000 0.0000000000 0.0018000000 0.0235000000 0.1131000000 0.2455000000 0.2842000000 0.1988000000 0.0925000000 0.0308000000 0.0078000000 0.0016000000 0.0004000000
0.0000000000 0.0000000000 0.0000000000 0.0000000000 0.0000000000 0.0000000000 0.0000000000 0.0000000000 0.0000000000 0.0000000000 0.0002000200 0.0047004700 0.0385038504 0.1358135814 0.2467246725 0.2626262626 0.1809180918 0.0872087209 0.0313031303 0.0088008801 0.0032003200
0.0000000000 0.0000000000 0.0000000000 0.0000000000 0.0000000000 0.0000000000 0.0000000000 0.0000000000 0.0000000000 0.0000000000 0.0000000000 0.0013000000 0.0154000000 0.0749000000 0.1832000000 0.2573000000 0.2298000000 0.1414000000 0.0639000000 0.0223000000 0.0105000000
0.0000000000 0.0000000000 0.0000000000 0.0000000000 0.0000000000 0.0000000000 0.0000000000 0.0000000000 0.0000000000 0.0000000000 0.0000000000 0.0006000000 0.0081000000 0.0481000000 0.1411000000 0.2346000000 0.2453000000 0.1750000000 0.0909000000 0.0362000000 0.0201000000
0.0000000000 0.0000000000 0.0000000000 0.0000000000 0.0000000000 0.0000000000 0.0000000000 0.0000000000 0.0000000000 0.0000000000 0.0000000000 0.0003999600 0.0057994201 0.0377962204 0.1212878712 0.2191780822 0.2476752325 0.1900809919 0.1057894211 0.0449955004 0.0269973003
0.0000000000 0.0000000000 0.0000000000 0.0000000000 0.0000000000 0.0000000000 0.0000000000 0.0000000000 0.0000000000 0.0000000000 0.0000000000 0.0003000300 0.0055005501 0.0363036304 0.1182118212 0.2164216422 0.2477247725 0.1924192419 0.1083108311 0.0465046505 0.0283028303
0.0000000000 0.0000000000 0.0000000000 0.0000000000 0.0000000000 0.0000000000 0.0000000000 0.0000000000 0.0000000000 0.0000000000 0.0000000000 0.0004000000 0.0066000000 0.0413000000 0.1284000000 0.2250000000 0.2472000000 0.1848000000 0.1003000000 0.0417000000 0.0243000000
0.0000000000 0.0000000000 0.0000000000 0.0000000000 0.0000000000 0.0000000000 0.0000000000 0.0000000000 0.0000000000 0.0000000000 0.0000000000 0.0007001400 0.0094018804 0.0535107021 0.1506301260 0.2409481896 0.2429485897 0.1675335067 0.0843168634 0.0326065213 0.0174034807
0.0000000000 0.0000000000 0.0000000000 0.0000000000 0.0000000000 0.0000000000 0.0000000000 0.0000000000 0.0000000000 0.0000000000 0.0000000000 0.0013001300 0.0155015502 0.0754075408 0.1839183918 0.2576257626 0.2294229423 0.1408140814 0.0635063506 0.0221022102 0.0104010401
0.0000000000 0.0000000000 0.0000000000 0.0000000000 0.0000000000 0.0000000000 0.0000000000 0.0000000000 0.0000000000 0.0000000000 0.0001000100 0.0030003000 0.0275027503 0.1101110111 0.2243224322 0.2656265627 0.2022202220 0.1071107111 0.0420042004 0.0128012801 0.0052005201
0.0000000000 0.0000000000 0.0000000000 0.0000000000 0.0000000000 0.0000000000 0.0000000000 0.0000000000 0.0000000000 0.0000000000 0.0003000300 0.0069006901 0.0503050305 0.1596159616 0.2627262726 0.2550255026 0.1612161216 0.0717071707 0.0239023902 0.0062006201 0.0021002100
0.0000000000 0.0000000000 0.0000000000 0.0000000000 0.0000000000 0.0000000000 0.0000000000 0.0000000000 0.0000000000 0.0000000000 0.0011000000 0.0165000000 0.0900000000 0.2199000000 0.2841000000 0.2201000000 0.1127000000 0.0411000000 0.0113000000 0.0025000000 0.0007000000
0.0000000000 0.0000000000 0.0000000000 0.0000000000 0.0000000000 0.0000000000 0.0000000000 0.0000000000 0.0000000000 0.0000999900 0.0034996500 0.0378962104 0.1512848715 0.2767723228 0.2734726527 0.1650834917 0.0668933107 0.0195980402 0.0043995600 0.0007999200 0.0001999800
</ProbTable>
</Entry>
<Entry>
<Instance>a4 - -</Instance>
<ProbTable>1.0000000000 0.0000000000 0.0000000000 0.0000000000 0.0000000000 0.0000000000 0.0000000000 0.0000000000 0.0000000000 0.0000000000 0.0000000000 0.0000000000 0.0000000000 0.0000000000 0.0000000000 0.0000000000 0.0000000000 0.0000000000 0.0000000000 0.0000000000 0.0000000000
1.0000000000 0.0000000000 0.0000000000 0.0000000000 0.0000000000 0.0000000000 0.0000000000 0.0000000000 0.0000000000 0.0000000000 0.0000000000 0.0000000000 0.0000000000 0.0000000000 0.0000000000 0.0000000000 0.0000000000 0.0000000000 0.0000000000 0.0000000000 0.0000000000
1.0000000000 0.0000000000 0.0000000000 0.0000000000 0.0000000000 0.0000000000 0.0000000000 0.0000000000 0.0000000000 0.0000000000 0.0000000000 0.0000000000 0.0000000000 0.0000000000 0.0000000000 0.0000000000 0.0000000000 0.0000000000 0.0000000000 0.0000000000 0.0000000000
1.0000000000 0.0000000000 0.0000000000 0.0000000000 0.0000000000 0.0000000000 0.0000000000 0.0000000000 0.0000000000 0.0000000000 0.0000000000 0.0000000000 0.0000000000 0.0000000000 0.0000000000 0.0000000000 0.0000000000 0.0000000000 0.0000000000 0.0000000000 0.0000000000
0.0000000000 0.0000000000 0.0000000000 0.1721000000 0.8187000000 0.0092000000 0.0000000000 0.0000000000 0.0000000000 0.0000000000 0.0000000000 0.0000000000 0.0000000000 0.0000000000 0.0000000000 0.0000000000 0.0000000000 0.0000000000 0.0000000000 0.0000000000 0.0000000000
0.0000000000 0.0000000000 0.0000000000 0.0000000000 0.0000000000 0.0096990301 0.3443655634 0.5274472553 0.1117888211 0.0064993501 0.0001999800 0.0000000000 0.0000000000 0.0000000000 0.0000000000 0.0000000000 0.0000000000 0.0000000000 0.0000000000 0.0000000000 0.0000000000
0.0000000000 0.0000000000 0.0000000000 0.0000000000 0.0000000000 0.0000000000 0.0001000100 0.0138013801 0.1893189319 0.4332433243 0.2804280428 0.0727072707 0.0096009601 0.0008000800 0.0000000000 0.0000000000 0.0000000000 0.0000000000 0.0000000000 0.0000000000 0.0000000000
0.0000000000 0.0000000000 0.0000000000 0.0000000000 0.0000000000 0.0000000000 0.0000000000 0.0000000000 0.0019000000 0.0433000000 0.2170000000 0.3586000000 0.2566000000 0.0967000000 0.0221000000 0.0034000000 0.0004000000 0.0000000000 0.0000000000 0.0000000000 0.0000000000
0.0000000000 0.0000000000 0.0000000000 0.0000000000 0.0000000000 0.0000000000 0.0000000000 0.0000000000 0.0000000000 0.0010998900 0.0222977702 0.1269873013 0.2811718828 0.2993700630 0.1792820718 0.0678932107 0.0177982202 0.0034996500 0.0004999500 0.0000999900 0.0000000000
0.0000000000 0.0000000000 0.0000000000 0.0000000000 0.0000000000 0.0000000000 0.0000000000 0.0000000000 0.0000000000 0.0000000000 0.0018000000 0.0235000000 0.1131000000 0.2455000000 0.2842000000 0.1988000000 0.0925000000 0.0308000000 0.0078000000 0.0016000000 0.0004000000
0.0000000000 0.0000000000 0.0000000000 0.0000000000 0.0000000000 0.0000000000 0.0000000000 0.0000000000 0.0000000000 0.0000000000 0.0002000200 0.0047004700 0.0385038504 0.1358135814 0.2467246725 0.2626262626 0.1809180918 0.0872087209 0.0313031303 0.0088008801 0.0032003200
0.0000000000 0.0000000000 0.0000000000 0.0000000000 0.0000000000 0.0000000000 0.0000000000 0.0000000000 0.0000000000 0.0000000000 0.0000000000 0.0013000000 0.0154000000 0.0749000000 0.1832000000 0.2573000000 0.2298000000 0.1414000000 0.0639000000 0.0223000000 0.0105000000
0.0000000000 0.0000000000 0.0000000000 0.0000000000 0.0000000000 0.0000000000 0.0000000000 0.0000000000 0.0000000000 0.0000000000 0.0000000000 0.0006000000 0.0081000000 0.0481000000 0.1411000000 0.2346000000 0.2453000000 0.1750000000 0.0909000000 0.0362000000 0.0201000000
0.0000000000 0.0000000000 0.0000000000 0.0000000000 0.0000000000 0.0000000000 0.0000000000 0.0000000000 0.0000000000 0.0000000000 0.0000000000 0.0003999600 0.0057994201 0.0377962204 0.1212878712 0.2191780822 0.2476752325 0.1900809919 0.1057894211 0.0449955004 0.0269973003
0.0000000000 0.0000000000 0.0000000000 0.0000000000 0.0000000000 0.0000000000 0.0000000000 0.0000000000 0.0000000000 0.0000000000 0.0000000000 0.0003000300 0.0055005501 0.0363036304 0.1182118212 0.2164216422 0.2477247725 0.1924192419 0.1083108311 0.0465046505 0.0283028303
0.0000000000 0.0000000000 0.0000000000 0.0000000000 0.0000000000 0.0000000000 0.0000000000 0.0000000000 0.0000000000 0.0000000000 0.0000000000 0.0004000000 0.0066000000 0.0413000000 0.1284000000 0.2250000000 0.2472000000 0.1848000000 0.1003000000 0.0417000000 0.0243000000
0.0000000000 0.0000000000 0.0000000000 0.0000000000 0.0000000000 0.0000000000 0.0000000000 0.0000000000 0.0000000000 0.0000000000 0.0000000000 0.0007001400 0.0094018804 0.0535107021 0.1506301260 0.2409481896 0.2429485897 0.1675335067 0.0843168634 0.0326065213 0.0174034807
0.0000000000 0.0000000000 0.0000000000 0.0000000000 0.0000000000 0.0000000000 0.0000000000 0.0000000000 0.0000000000 0.0000000000 0.0000000000 0.0013001300 0.0155015502 0.0754075408 0.1839183918 0.2576257626 0.2294229423 0.1408140814 0.0635063506 0.0221022102 0.0104010401
0.0000000000 0.0000000000 0.0000000000 0.0000000000 0.0000000000 0.0000000000 0.0000000000 0.0000000000 0.0000000000 0.0000000000 0.0001000100 0.0030003000 0.0275027503 0.1101110111 0.2243224322 0.2656265627 0.2022202220 0.1071107111 0.0420042004 0.0128012801 0.0052005201
0.0000000000 0.0000000000 0.0000000000 0.0000000000 0.0000000000 0.0000000000 0.0000000000 0.0000000000 0.0000000000 0.0000000000 0.0003000300 0.0069006901 0.0503050305 0.1596159616 0.2627262726 0.2550255026 0.1612161216 0.0717071707 0.0239023902 0.0062006201 0.0021002100
0.0000000000 0.0000000000 0.0000000000 0.0000000000 0.0000000000 0.0000000000 0.0000000000 0.0000000000 0.0000000000 0.0000000000 0.0011000000 0.0165000000 0.0900000000 0.2199000000 0.2841000000 0.2201000000 0.1127000000 0.0411000000 0.0113000000 0.0025000000 0.0007000000
</ProbTable>
</Entry>
<Entry>
<Instance>a5 - -</Instance>
<ProbTable>1.0000000000 0.0000000000 0.0000000000 0.0000000000 0.0000000000 0.0000000000 0.0000000000 0.0000000000 0.0000000000 0.0000000000 0.0000000000 0.0000000000 0.0000000000 0.0000000000 0.0000000000 0.0000000000 0.0000000000 0.0000000000 0.0000000000 0.0000000000 0.0000000000
1.0000000000 0.0000000000 0.0000000000 0.0000000000 0.0000000000 0.0000000000 0.0000000000 0.0000000000 0.0000000000 0.0000000000 0.0000000000 0.0000000000 0.0000000000 0.0000000000 0.0000000000 0.0000000000 0.0000000000 0.0000000000 0.0000000000 0.0000000000 0.0000000000
1.0000000000 0.0000000000 0.0000000000 0.0000000000 0.0000000000 0.0000000000 0.0000000000 0.0000000000 0.0000000000 0.0000000000 0.0000000000 0.0000000000 0.0000000000 0.0000000000 0.0000000000 0.0000000000 0.0000000000 0.0000000000 0.0000000000 0.0000000000 0.0000000000
1.0000000000 0.0000000000 0.0000000000 0.0000000000 0.0000000000 0.0000000000 0.0000000000 0.0000000000 0.0000000000 0.0000000000 0.0000000000 0.0000000000 0.0000000000 0.0000000000 0.0000000000 0.0000000000 0.0000000000 0.0000000000 0.0000000000 0.0000000000 0.0000000000
1.0000000000 0.0000000000 0.0000000000 0.0000000000 0.0000000000 0.0000000000 0.0000000000 0.0000000000 0.0000000000 0.0000000000 0.0000000000 0.0000000000 0.0000000000 0.0000000000 0.0000000000 0.0000000000 0.0000000000 0.0000000000 0.0000000000 0.0000000000 0.0000000000
0.0000000000 0.0000000000 0.0000000000 0.1721000000 0.8187000000 0.0092000000 0.0000000000 0.0000000000 0.0000000000 0.0000000000 0.0000000000 0.0000000000 0.0000000000 0.0000000000 0.0000000000 0.0000000000 0.0000000000 0.0000000000 0.0000000000 0.0000000000 0.0000000000
0.0000000000 0.0000000000 0.0000000000 0.0000000000 0.0000000000 0.0096990301 0.3443655634 0.5274472553 0.1117888211 0.0064993501 0.0001999800 0.0000000000 0.0000000000 0.0000000000 0.0000000000 0.0000000000 0.0000000000 0.0000000000 0.0000000000 0.0000000000 0.0000000000
0.0000000000 0.0000000000 0.0000000000 0.0000000000 0.0000000000 0.0000000000 0.0001000100 0.0138013801 0.1893189319 0.4332433243 0.2804280428 0.0727072707 0.0096009601 0.0008000800 0.0000000000 0.0000000000 0.0000000000 0.0000000000 0.0000000000 0.0000000000 0.0000000000
0.0000000000 0.0000000000 0.0000000000 0.0000000000 0.0000000000 0.0000000000 0.0000000000 0.0000000000 0.0019000000 0.0433000000 0.2170000000 0.3586000000 0.2566000000 0.0967000000 0.0221000000 0.0034000000 0.0004000000 0.0000000000 0.0000000000 0.0000000000 0.0000000000
0.0000000000 0.0000000000 0.0000000000 0.0000000000 0.0000000000 0.0000000000 0.0000000000 0.0000000000 0.0000000000 0.0010998900 0.0222977702 0.1269873013 0.2811718828 0.2993700630 0.1792820718 0.0678932107 0.0177982202 0.0034996500 0.0004999500 0.0000999900 0.0000000000
0.0000000000 0.0000000000 0.0000000000 0.0000000000 0.0000000000 0.0000000000 0.0000000000 0.0000000000 0.0000000000 0.0000000000 0.0018000000 0.0235000000 0.1131000000 0.2455000000 0.2842000000 0.1988000000 0.0925000000 0.0308000000 0.0078000000 0.0016000000 0.0004000000
0.0000000000 0.0000000000 0.0000000000 0.0000000000 0.0000000000 0.0000000000 0.0000000000 0.0000000000 0.0000000000 0.0000000000 0.0002000200 0.0047004700 0.0385038504 0.1358135814 0.2467246725 0.2626262626 0.1809180918 0.0872087209 0.0313031303 0.0088008801 0.0032003200
0.0000000000 0.0000000000 0.0000000000 0.0000000000 0.0000000000 0.0000000000 0.0000000000 0.0000000000 0.0000000000 0.0000000000 0.0000000000 0.0013000000 0.0154000000 0.0749000000 0.1832000000 0.2573000000 0.2298000000 0.1414000000 0.0639000000 0.0223000000 0.0105000000
0.0000000000 0.0000000000 0.0000000000 0.0000000000 0.0000000000 0.0000000000 0.0000000000 0.0000000000 0.0000000000 0.0000000000 0.0000000000 0.0006000000 0.0081000000 0.0481000000 0.1411000000 0.2346000000 0.2453000000 0.1750000000 0.0909000000 0.0362000000 0.0201000000
0.0000000000 0.0000000000 0.0000000000 0.0000000000 0.0000000000 0.0000000000 0.0000000000 0.0000000000 0.0000000000 0.0000000000 0.0000000000 0.0003999600 0.0057994201 0.0377962204 0.1212878712 0.2191780822 0.2476752325 0.1900809919 0.1057894211 0.0449955004 0.0269973003
0.0000000000 0.0000000000 0.0000000000 0.0000000000 0.0000000000 0.0000000000 0.0000000000 0.0000000000 0.0000000000 0.0000000000 0.0000000000 0.0003000300 0.0055005501 0.0363036304 0.1182118212 0.2164216422 0.2477247725 0.1924192419 0.1083108311 0.0465046505 0.0283028303
0.0000000000 0.0000000000 0.0000000000 0.0000000000 0.0000000000 0.0000000000 0.0000000000 0.0000000000 0.0000000000 0.0000000000 0.0000000000 0.0004000000 0.0066000000 0.0413000000 0.1284000000 0.2250000000 0.2472000000 0.1848000000 0.1003000000 0.0417000000 0.0243000000
0.0000000000 0.0000000000 0.0000000000 0.0000000000 0.0000000000 0.0000000000 0.0000000000 0.0000000000 0.0000000000 0.0000000000 0.0000000000 0.0007001400 0.0094018804 0.0535107021 0.1506301260 0.2409481896 0.2429485897 0.1675335067 0.0843168634 0.0326065213 0.0174034807
0.0000000000 0.0000000000 0.0000000000 0.0000000000 0.0000000000 0.0000000000 0.0000000000 0.0000000000 0.0000000000 0.0000000000 0.0000000000 0.0013001300 0.0155015502 0.0754075408 0.1839183918 0.2576257626 0.2294229423 0.1408140814 0.0635063506 0.0221022102 0.0104010401
0.0000000000 0.0000000000 0.0000000000 0.0000000000 0.0000000000 0.0000000000 0.0000000000 0.0000000000 0.0000000000 0.0000000000 0.0001000100 0.0030003000 0.0275027503 0.1101110111 0.2243224322 0.2656265627 0.2022202220 0.1071107111 0.0420042004 0.0128012801 0.0052005201
0.0000000000 0.0000000000 0.0000000000 0.0000000000 0.0000000000 0.0000000000 0.0000000000 0.0000000000 0.0000000000 0.0000000000 0.0003000300 0.0069006901 0.0503050305 0.1596159616 0.2627262726 0.2550255026 0.1612161216 0.0717071707 0.0239023902 0.0062006201 0.0021002100
</ProbTable>
</Entry>
<Entry>
<Instance>a6 - -</Instance>
<ProbTable>1.0000000000 0.0000000000 0.0000000000 0.0000000000 0.0000000000 0.0000000000 0.0000000000 0.0000000000 0.0000000000 0.0000000000 0.0000000000 0.0000000000 0.0000000000 0.0000000000 0.0000000000 0.0000000000 0.0000000000 0.0000000000 0.0000000000 0.0000000000 0.0000000000
1.0000000000 0.0000000000 0.0000000000 0.0000000000 0.0000000000 0.0000000000 0.0000000000 0.0000000000 0.0000000000 0.0000000000 0.0000000000 0.0000000000 0.0000000000 0.0000000000 0.0000000000 0.0000000000 0.0000000000 0.0000000000 0.0000000000 0.0000000000 0.0000000000
1.0000000000 0.0000000000 0.0000000000 0.0000000000 0.0000000000 0.0000000000 0.0000000000 0.0000000000 0.0000000000 0.0000000000 0.0000000000 0.0000000000 0.0000000000 0.0000000000 0.0000000000 0.0000000000 0.0000000000 0.0000000000 0.0000000000 0.0000000000 0.0000000000
1.0000000000 0.0000000000 0.0000000000 0.0000000000 0.0000000000 0.0000000000 0.0000000000 0.0000000000 0.0000000000 0.0000000000 0.0000000000 0.0000000000 0.0000000000 0.0000000000 0.0000000000 0.0000000000 0.0000000000 0.0000000000 0.0000000000 0.0000000000 0.0000000000
1.0000000000 0.0000000000 0.0000000000 0.0000000000 0.0000000000 0.0000000000 0.0000000000 0.0000000000 0.0000000000 0.0000000000 0.0000000000 0.0000000000 0.0000000000 0.0000000000 0.0000000000 0.0000000000 0.0000000000 0.0000000000 0.0000000000 0.0000000000 0.0000000000
1.0000000000 0.0000000000 0.0000000000 0.0000000000 0.0000000000 0.0000000000 0.0000000000 0.0000000000 0.0000000000 0.0000000000 0.0000000000 0.0000000000 0.0000000000 0.0000000000 0.0000000000 0.0000000000 0.0000000000 0.0000000000 0.0000000000 0.0000000000 0.0000000000
0.0000000000 0.0000000000 0.0000000000 0.1721000000 0.8187000000 0.0092000000 0.0000000000 0.0000000000 0.0000000000 0.0000000000 0.0000000000 0.0000000000 0.0000000000 0.0000000000 0.0000000000 0.0000000000 0.0000000000 0.0000000000 0.0000000000 0.0000000000 0.0000000000
0.0000000000 0.0000000000 0.0000000000 0.0000000000 0.0000000000 0.0096990301 0.3443655634 0.5274472553 0.1117888211 0.0064993501 0.0001999800 0.0000000000 0.0000000000 0.0000000000 0.0000000000 0.0000000000 0.0000000000 0.0000000000 0.0000000000 0.0000000000 0.0000000000
0.0000000000 0.0000000000 0.0000000000 0.0000000000 0.0000000000 0.0000000000 0.0001000100 0.0138013801 0.1893189319 0.4332433243 0.2804280428 0.0727072707 0.0096009601 0.0008000800 0.0000000000 0.0000000000 0.0000000000 0.0000000000 0.0000000000 0.0000000000 0.0000000000
0.0000000000 0.0000000000 0.0000000000 0.0000000000 0.0000000000 0.0000000000 0.0000000000 0.0000000000 0.0019000000 0.0433000000 0.2170000000 0.3586000000 0.2566000000 0.0967000000 0.0221000000 0.0034000000 0.0004000000 0.0000000000 0.0000000000 0.0000000000 0.0000000000
0.0000000000 0.0000000000 0.0000000000 0.0000000000 0.0000000000 0.0000000000 0.0000000000 0.0000000000 0.0000000000 0.0010998900 0.0222977702 0.1269873013 0.2811718828 0.2993700630 0.1792820718 0.0678932107 0.0177982202 0.0034996500 0.0004999500 0.0000999900 0.0000000000
0.0000000000 0.0000000000 0.0000000000 0.0000000000 0.0000000000 0.0000000000 0.0000000000 0.0000000000 0.0000000000 0.0000000000 0.0018000000 0.0235000000 0.1131000000 0.2455000000 0.2842000000 0.1988000000 0.0925000000 0.0308000000 0.0078000000 0.0016000000 0.0004000000
0.0000000000 0.0000000000 0.0000000000 0.0000000000 0.0000000000 0.0000000000 0.0000000000 0.0000000000 0.0000000000 0.0000000000 0.0002000200 0.0047004700 0.0385038504 0.1358135814 0.2467246725 0.2626262626 0.1809180918 0.0872087209 0.0313031303 0.0088008801 0.0032003200
0.0000000000 0.0000000000 0.0000000000 0.0000000000 0.0000000000 0.0000000000 0.0000000000 0.0000000000 0.0000000000 0.0000000000 0.0000000000 0.0013000000 0.0154000000 0.0749000000 0.1832000000 0.2573000000 0.2298000000 0.1414000000 0.0639000000 0.0223000000 0.0105000000
0.0000000000 0.0000000000 0.0000000000 0.0000000000 0.0000000000 0.0000000000 0.0000000000 0.0000000000 0.0000000000 0.0000000000 0.0000000000 0.0006000000 0.0081000000 0.0481000000 0.1411000000 0.2346000000 0.2453000000 0.1750000000 0.0909000000 0.0362000000 0.0201000000
0.0000000000 0.0000000000 0.0000000000 0.0000000000 0.0000000000 0.0000000000 0.0000000000 0.0000000000 0.0000000000 0.0000000000 0.0000000000 0.0003999600 0.0057994201 0.0377962204 0.1212878712 0.2191780822 0.2476752325 0.1900809919 0.1057894211 0.0449955004 0.0269973003
0.0000000000 0.0000000000 0.0000000000 0.0000000000 0.0000000000 0.0000000000 0.0000000000 0.0000000000 0.0000000000 0.0000000000 0.0000000000 0.0003000300 0.0055005501 0.0363036304 0.1182118212 0.2164216422 0.2477247725 0.1924192419 0.1083108311 0.0465046505 0.0283028303
0.0000000000 0.0000000000 0.0000000000 0.0000000000 0.0000000000 0.0000000000 0.0000000000 0.0000000000 0.0000000000 0.0000000000 0.0000000000 0.0004000000 0.0066000000 0.0413000000 0.1284000000 0.2250000000 0.2472000000 0.1848000000 0.1003000000 0.0417000000 0.0243000000
0.0000000000 0.0000000000 0.0000000000 0.0000000000 0.0000000000 0.0000000000 0.0000000000 0.0000000000 0.0000000000 0.0000000000 0.0000000000 0.0007001400 0.0094018804 0.0535107021 0.1506301260 0.2409481896 0.2429485897 0.1675335067 0.0843168634 0.0326065213 0.0174034807
0.0000000000 0.0000000000 0.0000000000 0.0000000000 0.0000000000 0.0000000000 0.0000000000 0.0000000000 0.0000000000 0.0000000000 0.0000000000 0.0013001300 0.0155015502 0.0754075408 0.1839183918 0.2576257626 0.2294229423 0.1408140814 0.0635063506 0.0221022102 0.0104010401
0.0000000000 0.0000000000 0.0000000000 0.0000000000 0.0000000000 0.0000000000 0.0000000000 0.0000000000 0.0000000000 0.0000000000 0.0001000100 0.0030003000 0.0275027503 0.1101110111 0.2243224322 0.2656265627 0.2022202220 0.1071107111 0.0420042004 0.0128012801 0.0052005201
</ProbTable>
</Entry>
<Entry>
<Instance>a7 - -</Instance>
<ProbTable>1.0000000000 0.0000000000 0.0000000000 0.0000000000 0.0000000000 0.0000000000 0.0000000000 0.0000000000 0.0000000000 0.0000000000 0.0000000000 0.0000000000 0.0000000000 0.0000000000 0.0000000000 0.0000000000 0.0000000000 0.0000000000 0.0000000000 0.0000000000 0.0000000000
1.0000000000 0.0000000000 0.0000000000 0.0000000000 0.0000000000 0.0000000000 0.0000000000 0.0000000000 0.0000000000 0.0000000000 0.0000000000 0.0000000000 0.0000000000 0.0000000000 0.0000000000 0.0000000000 0.0000000000 0.0000000000 0.0000000000 0.0000000000 0.0000000000
1.0000000000 0.0000000000 0.0000000000 0.0000000000 0.0000000000 0.0000000000 0.0000000000 0.0000000000 0.0000000000 0.0000000000 0.0000000000 0.0000000000 0.0000000000 0.0000000000 0.0000000000 0.0000000000 0.0000000000 0.0000000000 0.0000000000 0.0000000000 0.0000000000
1.0000000000 0.0000000000 0.0000000000 0.0000000000 0.0000000000 0.0000000000 0.0000000000 0.0000000000 0.0000000000 0.0000000000 0.0000000000 0.0000000000 0.0000000000 0.0000000000 0.0000000000 0.0000000000 0.0000000000 0.0000000000 0.0000000000 0.0000000000 0.0000000000
1.0000000000 0.0000000000 0.0000000000 0.0000000000 0.0000000000 0.0000000000 0.0000000000 0.0000000000 0.0000000000 0.0000000000 0.0000000000 0.0000000000 0.0000000000 0.0000000000 0.0000000000 0.0000000000 0.0000000000 0.0000000000 0.0000000000 0.0000000000 0.0000000000
1.0000000000 0.0000000000 0.0000000000 0.0000000000 0.0000000000 0.0000000000 0.0000000000 0.0000000000 0.0000000000 0.0000000000 0.0000000000 0.0000000000 0.0000000000 0.0000000000 0.0000000000 0.0000000000 0.0000000000 0.0000000000 0.0000000000 0.0000000000 0.0000000000
1.0000000000 0.0000000000 0.0000000000 0.0000000000 0.0000000000 0.0000000000 0.0000000000 0.0000000000 0.0000000000 0.0000000000 0.0000000000 0.0000000000 0.0000000000 0.0000000000 0.0000000000 0.0000000000 0.0000000000 0.0000000000 0.0000000000 0.0000000000 0.0000000000
0.0000000000 0.0000000000 0.0000000000 0.1721000000 0.8187000000 0.0092000000 0.0000000000 0.0000000000 0.0000000000 0.0000000000 0.0000000000 0.0000000000 0.0000000000 0.0000000000 0.0000000000 0.0000000000 0.0000000000 0.0000000000 0.0000000000 0.0000000000 0.0000000000
0.0000000000 0.0000000000 0.0000000000 0.0000000000 0.0000000000 0.0096990301 0.3443655634 0.5274472553 0.1117888211 0.0064993501 0.0001999800 0.0000000000 0.0000000000 0.0000000000 0.0000000000 0.0000000000 0.0000000000 0.0000000000 0.0000000000 0.0000000000 0.0000000000
0.0000000000 0.0000000000 0.0000000000 0.0000000000 0.0000000000 0.0000000000 0.0001000100 0.0138013801 0.1893189319 0.4332433243 0.2804280428 0.0727072707 0.0096009601 0.0008000800 0.0000000000 0.0000000000 0.0000000000 0.0000000000 0.0000000000 0.0000000000 0.0000000000
0.0000000000 0.0000000000 0.0000000000 0.0000000000 0.0000000000 0.0000000000 0.0000000000 0.0000000000 0.0019000000 0.0433000000 0.2170000000 0.3586000000 0.2566000000 0.0967000000 0.0221000000 0.0034000000 0.0004000000 0.0000000000 0.0000000000 0.0000000000 0.0000000000
0.0000000000 0.0000000000 0.0000000000 0.0000000000 0.0000000000 0.0000000000 0.0000000000 0.0000000000 0.0000000000 0.0010998900 0.0222977702 0.1269873013 0.2811718828 0.2993700630 0.1792820718 0.0678932107 0.0177982202 0.0034996500 0.0004999500 0.0000999900 0.0000000000
0.0000000000 0.0000000000 0.0000000000 0.0000000000 0.0000000000 0.0000000000 0.0000000000 0.0000000000 0.0000000000 0.0000000000 0.0018000000 0.0235000000 0.1131000000 0.2455000000 0.2842000000 0.1988000000 0.0925000000 0.0308000000 0.0078000000 0.0016000000 0.0004000000
