<?xml version="1.0" encoding="ISO-8859-1"?>

<pomdpx version ="1.0" id="sample" xmlns:xsi="http://www.w3.org/2001/XMLSchema-instance"
      xsi:noNamespaceSchemaLocation="/Users/Milad/Documents/appl-0.96/doc/POMDPX/pomdpx.xsd">

<Description>POMDP model</Description>

<Discount>0.95</Discount>

<Variable>

<StateVar vnamePrev="ps_0" vnameCurr="ps_1" fullyObs="false">
<ValueEnum>a1 a2 a3 a4 a5 a6 a7 a8 a9 a10 a11 a12 a13 a14 a15 a16 a17 a18 a19 a20 a21</ValueEnum>
</StateVar>

<ObsVar vname="measurements">
<NumValues>21</NumValues>
</ObsVar>

<ActionVar vname="action_control">
<ValueEnum>a1 a2 a3 a4 a5 a6 a7 a8 a9 a10 a11 a12 a13 a14 a15 a16 a17 a18 a19 a20 a21</ValueEnum>
</ActionVar>

<RewardVar vname="reward_agent" />
</Variable>

<InitialStateBelief>
<CondProb>
<Var>ps_0</Var>
<Parent>null</Parent>
<Parameter type = "TBL">
<Entry>
<Instance>-</Instance>
<ProbTable>0.0476190476190476 0.0476190476190476 0.0476190476190476 0.0476190476190476 0.0476190476190476 0.0476190476190476 0.0476190476190476 0.0476190476190476 0.0476190476190476 0.0476190476190476 0.0476190476190476 0.0476190476190476 0.0476190476190476 0.0476190476190476 0.0476190476190476 0.0476190476190476 0.0476190476190476 0.0476190476190476 0.0476190476190476 0.0476190476190476 0.0476190476190476</ProbTable>
</Entry>
</Parameter>
</CondProb>

</InitialStateBelief>

<StateTransitionFunction>

<CondProb>
<Var>ps_1</Var>
<Parent>action_control ps_0</Parent>
<Parameter type="TBL">
<Entry>
<Instance>a1 - -</Instance>
<ProbTable>1.0000000000 0.0000000000 0.0000000000 0.0000000000 0.0000000000 0.0000000000 0.0000000000 0.0000000000 0.0000000000 0.0000000000 0.0000000000 0.0000000000 0.0000000000 0.0000000000 0.0000000000 0.0000000000 0.0000000000 0.0000000000 0.0000000000 0.0000000000 0.0000000000
0.0000000000 0.5925000000 0.3881000000 0.0188000000 0.0006000000 0.0000000000 0.0000000000 0.0000000000 0.0000000000 0.0000000000 0.0000000000 0.0000000000 0.0000000000 0.0000000000 0.0000000000 0.0000000000 0.0000000000 0.0000000000 0.0000000000 0.0000000000 0.0000000000
0.0000000000 0.0015001500 0.3182318232 0.4600460046 0.1720172017 0.0393039304 0.0074007401 0.0013001300 0.0002000200 0.0000000000 0.0000000000 0.0000000000 0.0000000000 0.0000000000 0.0000000000 0.0000000000 0.0000000000 0.0000000000 0.0000000000 0.0000000000 0.0000000000
0.0000000000 0.0000000000 0.0233023302 0.2349234923 0.3481348135 0.2317231723 0.1047104710 0.0387038704 0.0128012801 0.0040004000 0.0012001200 0.0004000400 0.0001000100 0.0000000000 0.0000000000 0.0000000000 0.0000000000 0.0000000000 0.0000000000 0.0000000000 0.0000000000
0.0000000000 0.0000000000 0.0013000000 0.0500000000 0.1926000000 0.2687000000 0.2223000000 0.1370000000 0.0708000000 0.0329000000 0.0143000000 0.0060000000 0.0024000000 0.0010000000 0.0004000000 0.0002000000 0.0001000000 0.0000000000 0.0000000000 0.0000000000 0.0000000000
0.0000000000 0.0000000000 0.0000999800 0.0086982603 0.0684863027 0.1673665267 0.2188562288 0.1985602879 0.1435712857 0.0896820636 0.0507898420 0.0269946011 0.0136972605 0.0067986403 0.0032993401 0.0015996801 0.0006998600 0.0003999200 0.0001999600 0.0000999800 0.0000999800
0.0000000000 0.0000000000 0.0000000000 0.0014998500 0.0209979002 0.0799920008 0.1506849315 0.1860813919 0.1757824218 0.1388861114 0.0971902810 0.0623937606 0.0376962304 0.0217978202 0.0122987701 0.0066993301 0.0035996400 0.0019998000 0.0009999000 0.0005999400 0.0007999200
0.0000000000 0.0000000000 0.0000000000 0.0003000300 0.0062006201 0.0342034203 0.0871087109 0.1386138614 0.1631163116 0.1565156516 0.1303130313 0.0979097910 0.0683068307 0.0451045105 0.0286028603 0.0176017602 0.0106010601 0.0063006301 0.0037003700 0.0021002100 0.0034003400
0.0000000000 0.0000000000 0.0000000000 0.0000999900 0.0018998100 0.0140985901 0.0461953805 0.0911908809 0.1292870713 0.1460853915 0.1407859214 0.1207879212 0.0950904910 0.0701929807 0.0493950605 0.0334966503 0.0219978002 0.0141985801 0.0089991001 0.0055994401 0.0105989401
0.0000000000 0.0000000000 0.0000000000 0.0000000000 0.0006000600 0.0058005801 0.0237023702 0.0562056206 0.0935093509 0.1216121612 0.1329132913 0.1277127713 0.1116111611 0.0907090709 0.0696069607 0.0512051205 0.0364036404 0.0252025203 0.0171017102 0.0114011401 0.0247024702
0.0000000000 0.0000000000 0.0000000000 0.0000000000 0.0001999600 0.0024995001 0.0120975805 0.0335932813 0.0641871626 0.0942811438 0.1149770046 0.1220755849 0.1166766647 0.1030793841 0.0854829034 0.0675864827 0.0513897221 0.0378924215 0.0271945611 0.0191961608 0.0475904819
0.0000000000 0.0000000000 0.0000000000 0.0000000000 0.0000999800 0.0010997800 0.0061987602 0.0198960208 0.0428914217 0.0701859628 0.0941811638 0.1090781844 0.1128774245 0.1072785443 0.0951809638 0.0800839832 0.0645870826 0.0502899420 0.0381923615 0.0282943411 0.0795840832
0.0000000000 0.0000000000 0.0000000000 0.0000000000 0.0000000000 0.0005000500 0.0032003200 0.0118011801 0.0283028303 0.0510051005 0.0745074507 0.0932093209 0.1036103610 0.1050105011 0.0989098910 0.0881088109 0.0748074807 0.0612061206 0.0486048605 0.0376037604 0.1196119612
0.0000000000 0.0000000000 0.0000000000 0.0000000000 0.0000000000 0.0002000000 0.0017000000 0.0071000000 0.0187000000 0.0367000000 0.0578000000 0.0775000000 0.0916000000 0.0984000000 0.0979000000 0.0915000000 0.0815000000 0.0697000000 0.0576000000 0.0464000000 0.1657000000
0.0000000000 0.0000000000 0.0000000000 0.0000000000 0.0000000000 0.0001000000 0.0010000000 0.0043000000 0.0124000000 0.0263000000 0.0444000000 0.0633000000 0.0792000000 0.0895000000 0.0934000000 0.0914000000 0.0848000000 0.0754000000 0.0647000000 0.0540000000 0.2158000000
0.0000000000 0.0000000000 0.0000000000 0.0000000000 0.0000000000 0.0000999900 0.0004999500 0.0026997300 0.0082991701 0.0188981102 0.0338966103 0.0511948805 0.0673932607 0.0797920208 0.0869913009 0.0885911409 0.0853914609 0.0786921308 0.0697930207 0.0600939906 0.2676732327
0.0000000000 0.0000000000 0.0000000000 0.0000000000 0.0000000000 0.0000000000 0.0003000300 0.0017001700 0.0057005701 0.0137013701 0.0260026003 0.0412041204 0.0568056806 0.0702070207 0.0796079608 0.0841084108 0.0838083808 0.0798079808 0.0730073007 0.0646064606 0.3194319432
0.0000000000 0.0000000000 0.0000000000 0.0000000000 0.0000000000 0.0000000000 0.0002000200 0.0011001100 0.0039003900 0.0100010001 0.0200020002 0.0332033203 0.0477047705 0.0613061306 0.0720072007 0.0786078608 0.0809080908 0.0792079208 0.0745074507 0.0676067607 0.3697369737
0.0000000000 0.0000000000 0.0000000000 0.0000000000 0.0000000000 0.0000000000 0.0001000100 0.0007000700 0.0028002800 0.0074007401 0.0155015502 0.0268026803 0.0401040104 0.0533053305 0.0647064706 0.0727072707 0.0770077008 0.0774077408 0.0746074607 0.0694069407 0.4174417442
0.0000000000 0.0000000000 0.0000000000 0.0000000000 0.0000000000 0.0000000000 0.0000999900 0.0004999500 0.0019998000 0.0055994401 0.0120987901 0.0217978202 0.0336966303 0.0462953705 0.0577942206 0.0668933107 0.0725927407 0.0747925207 0.0736926307 0.0700929907 0.4620537946
0.0000000000 0.0000000000 0.0000000000 0.0000000000 0.0000000000 0.0000000000 0.0000000000 0.0003000900 0.0014004201 0.0042012604 0.0096028809 0.0178053416 0.0285085526 0.0402120636 0.0516154846 0.0612183655 0.0680204061 0.0717215165 0.0721216365 0.0699209763 0.5033510053
</ProbTable>
</Entry>
<Entry>
<Instance>a2 - -</Instance>
<ProbTable>1.0000000000 0.0000000000 0.0000000000 0.0000000000 0.0000000000 0.0000000000 0.0000000000 0.0000000000 0.0000000000 0.0000000000 0.0000000000 0.0000000000 0.0000000000 0.0000000000 0.0000000000 0.0000000000 0.0000000000 0.0000000000 0.0000000000 0.0000000000 0.0000000000
1.0000000000 0.0000000000 0.0000000000 0.0000000000 0.0000000000 0.0000000000 0.0000000000 0.0000000000 0.0000000000 0.0000000000 0.0000000000 0.0000000000 0.0000000000 0.0000000000 0.0000000000 0.0000000000 0.0000000000 0.0000000000 0.0000000000 0.0000000000 0.0000000000
0.0000000000 0.5925000000 0.3881000000 0.0188000000 0.0006000000 0.0000000000 0.0000000000 0.0000000000 0.0000000000 0.0000000000 0.0000000000 0.0000000000 0.0000000000 0.0000000000 0.0000000000 0.0000000000 0.0000000000 0.0000000000 0.0000000000 0.0000000000 0.0000000000
0.0000000000 0.0015001500 0.3182318232 0.4600460046 0.1720172017 0.0393039304 0.0074007401 0.0013001300 0.0002000200 0.0000000000 0.0000000000 0.0000000000 0.0000000000 0.0000000000 0.0000000000 0.0000000000 0.0000000000 0.0000000000 0.0000000000 0.0000000000 0.0000000000
0.0000000000 0.0000000000 0.0233023302 0.2349234923 0.3481348135 0.2317231723 0.1047104710 0.0387038704 0.0128012801 0.0040004000 0.0012001200 0.0004000400 0.0001000100 0.0000000000 0.0000000000 0.0000000000 0.0000000000 0.0000000000 0.0000000000 0.0000000000 0.0000000000
0.0000000000 0.0000000000 0.0013000000 0.0500000000 0.1926000000 0.2687000000 0.2223000000 0.1370000000 0.0708000000 0.0329000000 0.0143000000 0.0060000000 0.0024000000 0.0010000000 0.0004000000 0.0002000000 0.0001000000 0.0000000000 0.0000000000 0.0000000000 0.0000000000
0.0000000000 0.0000000000 0.0000999800 0.0086982603 0.0684863027 0.1673665267 0.2188562288 0.1985602879 0.1435712857 0.0896820636 0.0507898420 0.0269946011 0.0136972605 0.0067986403 0.0032993401 0.0015996801 0.0006998600 0.0003999200 0.0001999600 0.0000999800 0.0000999800
0.0000000000 0.0000000000 0.0000000000 0.0014998500 0.0209979002 0.0799920008 0.1506849315 0.1860813919 0.1757824218 0.1388861114 0.0971902810 0.0623937606 0.0376962304 0.0217978202 0.0122987701 0.0066993301 0.0035996400 0.0019998000 0.0009999000 0.0005999400 0.0007999200
0.0000000000 0.0000000000 0.0000000000 0.0003000300 0.0062006201 0.0342034203 0.0871087109 0.1386138614 0.1631163116 0.1565156516 0.1303130313 0.0979097910 0.0683068307 0.0451045105 0.0286028603 0.0176017602 0.0106010601 0.0063006301 0.0037003700 0.0021002100 0.0034003400
0.0000000000 0.0000000000 0.0000000000 0.0000999900 0.0018998100 0.0140985901 0.0461953805 0.0911908809 0.1292870713 0.1460853915 0.1407859214 0.1207879212 0.0950904910 0.0701929807 0.0493950605 0.0334966503 0.0219978002 0.0141985801 0.0089991001 0.0055994401 0.0105989401
0.0000000000 0.0000000000 0.0000000000 0.0000000000 0.0006000600 0.0058005801 0.0237023702 0.0562056206 0.0935093509 0.1216121612 0.1329132913 0.1277127713 0.1116111611 0.0907090709 0.0696069607 0.0512051205 0.0364036404 0.0252025203 0.0171017102 0.0114011401 0.0247024702
0.0000000000 0.0000000000 0.0000000000 0.0000000000 0.0001999600 0.0024995001 0.0120975805 0.0335932813 0.0641871626 0.0942811438 0.1149770046 0.1220755849 0.1166766647 0.1030793841 0.0854829034 0.0675864827 0.0513897221 0.0378924215 0.0271945611 0.0191961608 0.0475904819
0.0000000000 0.0000000000 0.0000000000 0.0000000000 0.0000999800 0.0010997800 0.0061987602 0.0198960208 0.0428914217 0.0701859628 0.0941811638 0.1090781844 0.1128774245 0.1072785443 0.0951809638 0.0800839832 0.0645870826 0.0502899420 0.0381923615 0.0282943411 0.0795840832
0.0000000000 0.0000000000 0.0000000000 0.0000000000 0.0000000000 0.0005000500 0.0032003200 0.0118011801 0.0283028303 0.0510051005 0.0745074507 0.0932093209 0.1036103610 0.1050105011 0.0989098910 0.0881088109 0.0748074807 0.0612061206 0.0486048605 0.0376037604 0.1196119612
0.0000000000 0.0000000000 0.0000000000 0.0000000000 0.0000000000 0.0002000000 0.0017000000 0.0071000000 0.0187000000 0.0367000000 0.0578000000 0.0775000000 0.0916000000 0.0984000000 0.0979000000 0.0915000000 0.0815000000 0.0697000000 0.0576000000 0.0464000000 0.1657000000
0.0000000000 0.0000000000 0.0000000000 0.0000000000 0.0000000000 0.0001000000 0.0010000000 0.0043000000 0.0124000000 0.0263000000 0.0444000000 0.0633000000 0.0792000000 0.0895000000 0.0934000000 0.0914000000 0.0848000000 0.0754000000 0.0647000000 0.0540000000 0.2158000000
0.0000000000 0.0000000000 0.0000000000 0.0000000000 0.0000000000 0.0000999900 0.0004999500 0.0026997300 0.0082991701 0.0188981102 0.0338966103 0.0511948805 0.0673932607 0.0797920208 0.0869913009 0.0885911409 0.0853914609 0.0786921308 0.0697930207 0.0600939906 0.2676732327
0.0000000000 0.0000000000 0.0000000000 0.0000000000 0.0000000000 0.0000000000 0.0003000300 0.0017001700 0.0057005701 0.0137013701 0.0260026003 0.0412041204 0.0568056806 0.0702070207 0.0796079608 0.0841084108 0.0838083808 0.0798079808 0.0730073007 0.0646064606 0.3194319432
0.0000000000 0.0000000000 0.0000000000 0.0000000000 0.0000000000 0.0000000000 0.0002000200 0.0011001100 0.0039003900 0.0100010001 0.0200020002 0.0332033203 0.0477047705 0.0613061306 0.0720072007 0.0786078608 0.0809080908 0.0792079208 0.0745074507 0.0676067607 0.3697369737
0.0000000000 0.0000000000 0.0000000000 0.0000000000 0.0000000000 0.0000000000 0.0001000100 0.0007000700 0.0028002800 0.0074007401 0.0155015502 0.0268026803 0.0401040104 0.0533053305 0.0647064706 0.0727072707 0.0770077008 0.0774077408 0.0746074607 0.0694069407 0.4174417442
0.0000000000 0.0000000000 0.0000000000 0.0000000000 0.0000000000 0.0000000000 0.0000999900 0.0004999500 0.0019998000 0.0055994401 0.0120987901 0.0217978202 0.0336966303 0.0462953705 0.0577942206 0.0668933107 0.0725927407 0.0747925207 0.0736926307 0.0700929907 0.4620537946
</ProbTable>
</Entry>
<Entry>
<Instance>a3 - -</Instance>
<ProbTable>1.0000000000 0.0000000000 0.0000000000 0.0000000000 0.0000000000 0.0000000000 0.0000000000 0.0000000000 0.0000000000 0.0000000000 0.0000000000 0.0000000000 0.0000000000 0.0000000000 0.0000000000 0.0000000000 0.0000000000 0.0000000000 0.0000000000 0.0000000000 0.0000000000
1.0000000000 0.0000000000 0.0000000000 0.0000000000 0.0000000000 0.0000000000 0.0000000000 0.0000000000 0.0000000000 0.0000000000 0.0000000000 0.0000000000 0.0000000000 0.0000000000 0.0000000000 0.0000000000 0.0000000000 0.0000000000 0.0000000000 0.0000000000 0.0000000000
1.0000000000 0.0000000000 0.0000000000 0.0000000000 0.0000000000 0.0000000000 0.0000000000 0.0000000000 0.0000000000 0.0000000000 0.0000000000 0.0000000000 0.0000000000 0.0000000000 0.0000000000 0.0000000000 0.0000000000 0.0000000000 0.0000000000 0.0000000000 0.0000000000
0.0000000000 0.5925000000 0.3881000000 0.0188000000 0.0006000000 0.0000000000 0.0000000000 0.0000000000 0.0000000000 0.0000000000 0.0000000000 0.0000000000 0.0000000000 0.0000000000 0.0000000000 0.0000000000 0.0000000000 0.0000000000 0.0000000000 0.0000000000 0.0000000000
0.0000000000 0.0015001500 0.3182318232 0.4600460046 0.1720172017 0.0393039304 0.0074007401 0.0013001300 0.0002000200 0.0000000000 0.0000000000 0.0000000000 0.0000000000 0.0000000000 0.0000000000 0.0000000000 0.0000000000 0.0000000000 0.0000000000 0.0000000000 0.0000000000
0.0000000000 0.0000000000 0.0233023302 0.2349234923 0.3481348135 0.2317231723 0.1047104710 0.0387038704 0.0128012801 0.0040004000 0.0012001200 0.0004000400 0.0001000100 0.0000000000 0.0000000000 0.0000000000 0.0000000000 0.0000000000 0.0000000000 0.0000000000 0.0000000000
0.0000000000 0.0000000000 0.0013000000 0.0500000000 0.1926000000 0.2687000000 0.2223000000 0.1370000000 0.0708000000 0.0329000000 0.0143000000 0.0060000000 0.0024000000 0.0010000000 0.0004000000 0.0002000000 0.0001000000 0.0000000000 0.0000000000 0.0000000000 0.0000000000
0.0000000000 0.0000000000 0.0000999800 0.0086982603 0.0684863027 0.1673665267 0.2188562288 0.1985602879 0.1435712857 0.0896820636 0.0507898420 0.0269946011 0.0136972605 0.0067986403 0.0032993401 0.0015996801 0.0006998600 0.0003999200 0.0001999600 0.0000999800 0.0000999800
0.0000000000 0.0000000000 0.0000000000 0.0014998500 0.0209979002 0.0799920008 0.1506849315 0.1860813919 0.1757824218 0.1388861114 0.0971902810 0.0623937606 0.0376962304 0.0217978202 0.0122987701 0.0066993301 0.0035996400 0.0019998000 0.0009999000 0.0005999400 0.0007999200
0.0000000000 0.0000000000 0.0000000000 0.0003000300 0.0062006201 0.0342034203 0.0871087109 0.1386138614 0.1631163116 0.1565156516 0.1303130313 0.0979097910 0.0683068307 0.0451045105 0.0286028603 0.0176017602 0.0106010601 0.0063006301 0.0037003700 0.0021002100 0.0034003400
0.0000000000 0.0000000000 0.0000000000 0.0000999900 0.0018998100 0.0140985901 0.0461953805 0.0911908809 0.1292870713 0.1460853915 0.1407859214 0.1207879212 0.0950904910 0.0701929807 0.0493950605 0.0334966503 0.0219978002 0.0141985801 0.0089991001 0.0055994401 0.0105989401
0.0000000000 0.0000000000 0.0000000000 0.0000000000 0.0006000600 0.0058005801 0.0237023702 0.0562056206 0.0935093509 0.1216121612 0.1329132913 0.1277127713 0.1116111611 0.0907090709 0.0696069607 0.0512051205 0.0364036404 0.0252025203 0.0171017102 0.0114011401 0.0247024702
0.0000000000 0.0000000000 0.0000000000 0.0000000000 0.0001999600 0.0024995001 0.0120975805 0.0335932813 0.0641871626 0.0942811438 0.1149770046 0.1220755849 0.1166766647 0.1030793841 0.0854829034 0.0675864827 0.0513897221 0.0378924215 0.0271945611 0.0191961608 0.0475904819
0.0000000000 0.0000000000 0.0000000000 0.0000000000 0.0000999800 0.0010997800 0.0061987602 0.0198960208 0.0428914217 0.0701859628 0.0941811638 0.1090781844 0.1128774245 0.1072785443 0.0951809638 0.0800839832 0.0645870826 0.0502899420 0.0381923615 0.0282943411 0.0795840832
0.0000000000 0.0000000000 0.0000000000 0.0000000000 0.0000000000 0.0005000500 0.0032003200 0.0118011801 0.0283028303 0.0510051005 0.0745074507 0.0932093209 0.1036103610 0.1050105011 0.0989098910 0.0881088109 0.0748074807 0.0612061206 0.0486048605 0.0376037604 0.1196119612
0.0000000000 0.0000000000 0.0000000000 0.0000000000 0.0000000000 0.0002000000 0.0017000000 0.0071000000 0.0187000000 0.0367000000 0.0578000000 0.0775000000 0.0916000000 0.0984000000 0.0979000000 0.0915000000 0.0815000000 0.0697000000 0.0576000000 0.0464000000 0.1657000000
0.0000000000 0.0000000000 0.0000000000 0.0000000000 0.0000000000 0.0001000000 0.0010000000 0.0043000000 0.0124000000 0.0263000000 0.0444000000 0.0633000000 0.0792000000 0.0895000000 0.0934000000 0.0914000000 0.0848000000 0.0754000000 0.0647000000 0.0540000000 0.2158000000
0.0000000000 0.0000000000 0.0000000000 0.0000000000 0.0000000000 0.0000999900 0.0004999500 0.0026997300 0.0082991701 0.0188981102 0.0338966103 0.0511948805 0.0673932607 0.0797920208 0.0869913009 0.0885911409 0.0853914609 0.0786921308 0.0697930207 0.0600939906 0.2676732327
0.0000000000 0.0000000000 0.0000000000 0.0000000000 0.0000000000 0.0000000000 0.0003000300 0.0017001700 0.0057005701 0.0137013701 0.0260026003 0.0412041204 0.0568056806 0.0702070207 0.0796079608 0.0841084108 0.0838083808 0.0798079808 0.0730073007 0.0646064606 0.3194319432
0.0000000000 0.0000000000 0.0000000000 0.0000000000 0.0000000000 0.0000000000 0.0002000200 0.0011001100 0.0039003900 0.0100010001 0.0200020002 0.0332033203 0.0477047705 0.0613061306 0.0720072007 0.0786078608 0.0809080908 0.0792079208 0.0745074507 0.0676067607 0.3697369737
0.0000000000 0.0000000000 0.0000000000 0.0000000000 0.0000000000 0.0000000000 0.0001000100 0.0007000700 0.0028002800 0.0074007401 0.0155015502 0.0268026803 0.0401040104 0.0533053305 0.0647064706 0.0727072707 0.0770077008 0.0774077408 0.0746074607 0.0694069407 0.4174417442
</ProbTable>
</Entry>
<Entry>
<Instance>a4 - -</Instance>
<ProbTable>1.0000000000 0.0000000000 0.0000000000 0.0000000000 0.0000000000 0.0000000000 0.0000000000 0.0000000000 0.0000000000 0.0000000000 0.0000000000 0.0000000000 0.0000000000 0.0000000000 0.0000000000 0.0000000000 0.0000000000 0.0000000000 0.0000000000 0.0000000000 0.0000000000
1.0000000000 0.0000000000 0.0000000000 0.0000000000 0.0000000000 0.0000000000 0.0000000000 0.0000000000 0.0000000000 0.0000000000 0.0000000000 0.0000000000 0.0000000000 0.0000000000 0.0000000000 0.0000000000 0.0000000000 0.0000000000 0.0000000000 0.0000000000 0.0000000000
1.0000000000 0.0000000000 0.0000000000 0.0000000000 0.0000000000 0.0000000000 0.0000000000 0.0000000000 0.0000000000 0.0000000000 0.0000000000 0.0000000000 0.0000000000 0.0000000000 0.0000000000 0.0000000000 0.0000000000 0.0000000000 0.0000000000 0.0000000000 0.0000000000
1.0000000000 0.0000000000 0.0000000000 0.0000000000 0.0000000000 0.0000000000 0.0000000000 0.0000000000 0.0000000000 0.0000000000 0.0000000000 0.0000000000 0.0000000000 0.0000000000 0.0000000000 0.0000000000 0.0000000000 0.0000000000 0.0000000000 0.0000000000 0.0000000000
0.0000000000 0.5925000000 0.3881000000 0.0188000000 0.0006000000 0.0000000000 0.0000000000 0.0000000000 0.0000000000 0.0000000000 0.0000000000 0.0000000000 0.0000000000 0.0000000000 0.0000000000 0.0000000000 0.0000000000 0.0000000000 0.0000000000 0.0000000000 0.0000000000
0.0000000000 0.0015001500 0.3182318232 0.4600460046 0.1720172017 0.0393039304 0.0074007401 0.0013001300 0.0002000200 0.0000000000 0.0000000000 0.0000000000 0.0000000000 0.0000000000 0.0000000000 0.0000000000 0.0000000000 0.0000000000 0.0000000000 0.0000000000 0.0000000000
0.0000000000 0.0000000000 0.0233023302 0.2349234923 0.3481348135 0.2317231723 0.1047104710 0.0387038704 0.0128012801 0.0040004000 0.0012001200 0.0004000400 0.0001000100 0.0000000000 0.0000000000 0.0000000000 0.0000000000 0.0000000000 0.0000000000 0.0000000000 0.0000000000
0.0000000000 0.0000000000 0.0013000000 0.0500000000 0.1926000000 0.2687000000 0.2223000000 0.1370000000 0.0708000000 0.0329000000 0.0143000000 0.0060000000 0.0024000000 0.0010000000 0.0004000000 0.0002000000 0.0001000000 0.0000000000 0.0000000000 0.0000000000 0.0000000000
0.0000000000 0.0000000000 0.0000999800 0.0086982603 0.0684863027 0.1673665267 0.2188562288 0.1985602879 0.1435712857 0.0896820636 0.0507898420 0.0269946011 0.0136972605 0.0067986403 0.0032993401 0.0015996801 0.0006998600 0.0003999200 0.0001999600 0.0000999800 0.0000999800
0.0000000000 0.0000000000 0.0000000000 0.0014998500 0.0209979002 0.0799920008 0.1506849315 0.1860813919 0.1757824218 0.1388861114 0.0971902810 0.0623937606 0.0376962304 0.0217978202 0.0122987701 0.0066993301 0.0035996400 0.0019998000 0.0009999000 0.0005999400 0.0007999200
0.0000000000 0.0000000000 0.0000000000 0.0003000300 0.0062006201 0.0342034203 0.0871087109 0.1386138614 0.1631163116 0.1565156516 0.1303130313 0.0979097910 0.0683068307 0.0451045105 0.0286028603 0.0176017602 0.0106010601 0.0063006301 0.0037003700 0.0021002100 0.0034003400
0.0000000000 0.0000000000 0.0000000000 0.0000999900 0.0018998100 0.0140985901 0.0461953805 0.0911908809 0.1292870713 0.1460853915 0.1407859214 0.1207879212 0.0950904910 0.0701929807 0.0493950605 0.0334966503 0.0219978002 0.0141985801 0.0089991001 0.0055994401 0.0105989401
0.0000000000 0.0000000000 0.0000000000 0.0000000000 0.0006000600 0.0058005801 0.0237023702 0.0562056206 0.0935093509 0.1216121612 0.1329132913 0.1277127713 0.1116111611 0.0907090709 0.0696069607 0.0512051205 0.0364036404 0.0252025203 0.0171017102 0.0114011401 0.0247024702
0.0000000000 0.0000000000 0.0000000000 0.0000000000 0.0001999600 0.0024995001 0.0120975805 0.0335932813 0.0641871626 0.0942811438 0.1149770046 0.1220755849 0.1166766647 0.1030793841 0.0854829034 0.0675864827 0.0513897221 0.0378924215 0.0271945611 0.0191961608 0.0475904819
0.0000000000 0.0000000000 0.0000000000 0.0000000000 0.0000999800 0.0010997800 0.0061987602 0.0198960208 0.0428914217 0.0701859628 0.0941811638 0.1090781844 0.1128774245 0.1072785443 0.0951809638 0.0800839832 0.0645870826 0.0502899420 0.0381923615 0.0282943411 0.0795840832
0.0000000000 0.0000000000 0.0000000000 0.0000000000 0.0000000000 0.0005000500 0.0032003200 0.0118011801 0.0283028303 0.0510051005 0.0745074507 0.0932093209 0.1036103610 0.1050105011 0.0989098910 0.0881088109 0.0748074807 0.0612061206 0.0486048605 0.0376037604 0.1196119612
0.0000000000 0.0000000000 0.0000000000 0.0000000000 0.0000000000 0.0002000000 0.0017000000 0.0071000000 0.0187000000 0.0367000000 0.0578000000 0.0775000000 0.0916000000 0.0984000000 0.0979000000 0.0915000000 0.0815000000 0.0697000000 0.0576000000 0.0464000000 0.1657000000
0.0000000000 0.0000000000 0.0000000000 0.0000000000 0.0000000000 0.0001000000 0.0010000000 0.0043000000 0.0124000000 0.0263000000 0.0444000000 0.0633000000 0.0792000000 0.0895000000 0.0934000000 0.0914000000 0.0848000000 0.0754000000 0.0647000000 0.0540000000 0.2158000000
0.0000000000 0.0000000000 0.0000000000 0.0000000000 0.0000000000 0.0000999900 0.0004999500 0.0026997300 0.0082991701 0.0188981102 0.0338966103 0.0511948805 0.0673932607 0.0797920208 0.0869913009 0.0885911409 0.0853914609 0.0786921308 0.0697930207 0.0600939906 0.2676732327
0.0000000000 0.0000000000 0.0000000000 0.0000000000 0.0000000000 0.0000000000 0.0003000300 0.0017001700 0.0057005701 0.0137013701 0.0260026003 0.0412041204 0.0568056806 0.0702070207 0.0796079608 0.0841084108 0.0838083808 0.0798079808 0.0730073007 0.0646064606 0.3194319432
0.0000000000 0.0000000000 0.0000000000 0.0000000000 0.0000000000 0.0000000000 0.0002000200 0.0011001100 0.0039003900 0.0100010001 0.0200020002 0.0332033203 0.0477047705 0.0613061306 0.0720072007 0.0786078608 0.0809080908 0.0792079208 0.0745074507 0.0676067607 0.3697369737
</ProbTable>
</Entry>
<Entry>
<Instance>a5 - -</Instance>
<ProbTable>1.0000000000 0.0000000000 0.0000000000 0.0000000000 0.0000000000 0.0000000000 0.0000000000 0.0000000000 0.0000000000 0.0000000000 0.0000000000 0.0000000000 0.0000000000 0.0000000000 0.0000000000 0.0000000000 0.0000000000 0.0000000000 0.0000000000 0.0000000000 0.0000000000
1.0000000000 0.0000000000 0.0000000000 0.0000000000 0.0000000000 0.0000000000 0.0000000000 0.0000000000 0.0000000000 0.0000000000 0.0000000000 0.0000000000 0.0000000000 0.0000000000 0.0000000000 0.0000000000 0.0000000000 0.0000000000 0.0000000000 0.0000000000 0.0000000000
1.0000000000 0.0000000000 0.0000000000 0.0000000000 0.0000000000 0.0000000000 0.0000000000 0.0000000000 0.0000000000 0.0000000000 0.0000000000 0.0000000000 0.0000000000 0.0000000000 0.0000000000 0.0000000000 0.0000000000 0.0000000000 0.0000000000 0.0000000000 0.0000000000
1.0000000000 0.0000000000 0.0000000000 0.0000000000 0.0000000000 0.0000000000 0.0000000000 0.0000000000 0.0000000000 0.0000000000 0.0000000000 0.0000000000 0.0000000000 0.0000000000 0.0000000000 0.0000000000 0.0000000000 0.0000000000 0.0000000000 0.0000000000 0.0000000000
1.0000000000 0.0000000000 0.0000000000 0.0000000000 0.0000000000 0.0000000000 0.0000000000 0.0000000000 0.0000000000 0.0000000000 0.0000000000 0.0000000000 0.0000000000 0.0000000000 0.0000000000 0.0000000000 0.0000000000 0.0000000000 0.0000000000 0.0000000000 0.0000000000
0.0000000000 0.5925000000 0.3881000000 0.0188000000 0.0006000000 0.0000000000 0.0000000000 0.0000000000 0.0000000000 0.0000000000 0.0000000000 0.0000000000 0.0000000000 0.0000000000 0.0000000000 0.0000000000 0.0000000000 0.0000000000 0.0000000000 0.0000000000 0.0000000000
0.0000000000 0.0015001500 0.3182318232 0.4600460046 0.1720172017 0.0393039304 0.0074007401 0.0013001300 0.0002000200 0.0000000000 0.0000000000 0.0000000000 0.0000000000 0.0000000000 0.0000000000 0.0000000000 0.0000000000 0.0000000000 0.0000000000 0.0000000000 0.0000000000
0.0000000000 0.0000000000 0.0233023302 0.2349234923 0.3481348135 0.2317231723 0.1047104710 0.0387038704 0.0128012801 0.0040004000 0.0012001200 0.0004000400 0.0001000100 0.0000000000 0.0000000000 0.0000000000 0.0000000000 0.0000000000 0.0000000000 0.0000000000 0.0000000000
0.0000000000 0.0000000000 0.0013000000 0.0500000000 0.1926000000 0.2687000000 0.2223000000 0.1370000000 0.0708000000 0.0329000000 0.0143000000 0.0060000000 0.0024000000 0.0010000000 0.0004000000 0.0002000000 0.0001000000 0.0000000000 0.0000000000 0.0000000000 0.0000000000
0.0000000000 0.0000000000 0.0000999800 0.0086982603 0.0684863027 0.1673665267 0.2188562288 0.1985602879 0.1435712857 0.0896820636 0.0507898420 0.0269946011 0.0136972605 0.0067986403 0.0032993401 0.0015996801 0.0006998600 0.0003999200 0.0001999600 0.0000999800 0.0000999800
0.0000000000 0.0000000000 0.0000000000 0.0014998500 0.0209979002 0.0799920008 0.1506849315 0.1860813919 0.1757824218 0.1388861114 0.0971902810 0.0623937606 0.0376962304 0.0217978202 0.0122987701 0.0066993301 0.0035996400 0.0019998000 0.0009999000 0.0005999400 0.0007999200
0.0000000000 0.0000000000 0.0000000000 0.0003000300 0.0062006201 0.0342034203 0.0871087109 0.1386138614 0.1631163116 0.1565156516 0.1303130313 0.0979097910 0.0683068307 0.0451045105 0.0286028603 0.0176017602 0.0106010601 0.0063006301 0.0037003700 0.0021002100 0.0034003400
0.0000000000 0.0000000000 0.0000000000 0.0000999900 0.0018998100 0.0140985901 0.0461953805 0.0911908809 0.1292870713 0.1460853915 0.1407859214 0.1207879212 0.0950904910 0.0701929807 0.0493950605 0.0334966503 0.0219978002 0.0141985801 0.0089991001 0.0055994401 0.0105989401
0.0000000000 0.0000000000 0.0000000000 0.0000000000 0.0006000600 0.0058005801 0.0237023702 0.0562056206 0.0935093509 0.1216121612 0.1329132913 0.1277127713 0.1116111611 0.0907090709 0.0696069607 0.0512051205 0.0364036404 0.0252025203 0.0171017102 0.0114011401 0.0247024702
0.0000000000 0.0000000000 0.0000000000 0.0000000000 0.0001999600 0.0024995001 0.0120975805 0.0335932813 0.0641871626 0.0942811438 0.1149770046 0.1220755849 0.1166766647 0.1030793841 0.0854829034 0.0675864827 0.0513897221 0.0378924215 0.0271945611 0.0191961608 0.0475904819
0.0000000000 0.0000000000 0.0000000000 0.0000000000 0.0000999800 0.0010997800 0.0061987602 0.0198960208 0.0428914217 0.0701859628 0.0941811638 0.1090781844 0.1128774245 0.1072785443 0.0951809638 0.0800839832 0.0645870826 0.0502899420 0.0381923615 0.0282943411 0.0795840832
0.0000000000 0.0000000000 0.0000000000 0.0000000000 0.0000000000 0.0005000500 0.0032003200 0.0118011801 0.0283028303 0.0510051005 0.0745074507 0.0932093209 0.1036103610 0.1050105011 0.0989098910 0.0881088109 0.0748074807 0.0612061206 0.0486048605 0.0376037604 0.1196119612
0.0000000000 0.0000000000 0.0000000000 0.0000000000 0.0000000000 0.0002000000 0.0017000000 0.0071000000 0.0187000000 0.0367000000 0.0578000000 0.0775000000 0.0916000000 0.0984000000 0.0979000000 0.0915000000 0.0815000000 0.0697000000 0.0576000000 0.0464000000 0.1657000000
0.0000000000 0.0000000000 0.0000000000 0.0000000000 0.0000000000 0.0001000000 0.0010000000 0.0043000000 0.0124000000 0.0263000000 0.0444000000 0.0633000000 0.0792000000 0.0895000000 0.0934000000 0.0914000000 0.0848000000 0.0754000000 0.0647000000 0.0540000000 0.2158000000
0.0000000000 0.0000000000 0.0000000000 0.0000000000 0.0000000000 0.0000999900 0.0004999500 0.0026997300 0.0082991701 0.0188981102 0.0338966103 0.0511948805 0.0673932607 0.0797920208 0.0869913009 0.0885911409 0.0853914609 0.0786921308 0.0697930207 0.0600939906 0.2676732327
0.0000000000 0.0000000000 0.0000000000 0.0000000000 0.0000000000 0.0000000000 0.0003000300 0.0017001700 0.0057005701 0.0137013701 0.0260026003 0.0412041204 0.0568056806 0.0702070207 0.0796079608 0.0841084108 0.0838083808 0.0798079808 0.0730073007 0.0646064606 0.3194319432
</ProbTable>
</Entry>
<Entry>
<Instance>a6 - -</Instance>
<ProbTable>1.0000000000 0.0000000000 0.0000000000 0.0000000000 0.0000000000 0.0000000000 0.0000000000 0.0000000000 0.0000000000 0.0000000000 0.0000000000 0.0000000000 0.0000000000 0.0000000000 0.0000000000 0.0000000000 0.0000000000 0.0000000000 0.0000000000 0.0000000000 0.0000000000
1.0000000000 0.0000000000 0.0000000000 0.0000000000 0.0000000000 0.0000000000 0.0000000000 0.0000000000 0.0000000000 0.0000000000 0.0000000000 0.0000000000 0.0000000000 0.0000000000 0.0000000000 0.0000000000 0.0000000000 0.0000000000 0.0000000000 0.0000000000 0.0000000000
1.0000000000 0.0000000000 0.0000000000 0.0000000000 0.0000000000 0.0000000000 0.0000000000 0.0000000000 0.0000000000 0.0000000000 0.0000000000 0.0000000000 0.0000000000 0.0000000000 0.0000000000 0.0000000000 0.0000000000 0.0000000000 0.0000000000 0.0000000000 0.0000000000
1.0000000000 0.0000000000 0.0000000000 0.0000000000 0.0000000000 0.0000000000 0.0000000000 0.0000000000 0.0000000000 0.0000000000 0.0000000000 0.0000000000 0.0000000000 0.0000000000 0.0000000000 0.0000000000 0.0000000000 0.0000000000 0.0000000000 0.0000000000 0.0000000000
1.0000000000 0.0000000000 0.0000000000 0.0000000000 0.0000000000 0.0000000000 0.0000000000 0.0000000000 0.0000000000 0.0000000000 0.0000000000 0.0000000000 0.0000000000 0.0000000000 0.0000000000 0.0000000000 0.0000000000 0.0000000000 0.0000000000 0.0000000000 0.0000000000
1.0000000000 0.0000000000 0.0000000000 0.0000000000 0.0000000000 0.0000000000 0.0000000000 0.0000000000 0.0000000000 0.0000000000 0.0000000000 0.0000000000 0.0000000000 0.0000000000 0.0000000000 0.0000000000 0.0000000000 0.0000000000 0.0000000000 0.0000000000 0.0000000000
0.0000000000 0.5925000000 0.3881000000 0.0188000000 0.0006000000 0.0000000000 0.0000000000 0.0000000000 0.0000000000 0.0000000000 0.0000000000 0.0000000000 0.0000000000 0.0000000000 0.0000000000 0.0000000000 0.0000000000 0.0000000000 0.0000000000 0.0000000000 0.0000000000
0.0000000000 0.0015001500 0.3182318232 0.4600460046 0.1720172017 0.0393039304 0.0074007401 0.0013001300 0.0002000200 0.0000000000 0.0000000000 0.0000000000 0.0000000000 0.0000000000 0.0000000000 0.0000000000 0.0000000000 0.0000000000 0.0000000000 0.0000000000 0.0000000000
0.0000000000 0.0000000000 0.0233023302 0.2349234923 0.3481348135 0.2317231723 0.1047104710 0.0387038704 0.0128012801 0.0040004000 0.0012001200 0.0004000400 0.0001000100 0.0000000000 0.0000000000 0.0000000000 0.0000000000 0.0000000000 0.0000000000 0.0000000000 0.0000000000
0.0000000000 0.0000000000 0.0013000000 0.0500000000 0.1926000000 0.2687000000 0.2223000000 0.1370000000 0.0708000000 0.0329000000 0.0143000000 0.0060000000 0.0024000000 0.0010000000 0.0004000000 0.0002000000 0.0001000000 0.0000000000 0.0000000000 0.0000000000 0.0000000000
0.0000000000 0.0000000000 0.0000999800 0.0086982603 0.0684863027 0.1673665267 0.2188562288 0.1985602879 0.1435712857 0.0896820636 0.0507898420 0.0269946011 0.0136972605 0.0067986403 0.0032993401 0.0015996801 0.0006998600 0.0003999200 0.0001999600 0.0000999800 0.0000999800
0.0000000000 0.0000000000 0.0000000000 0.0014998500 0.0209979002 0.0799920008 0.1506849315 0.1860813919 0.1757824218 0.1388861114 0.0971902810 0.0623937606 0.0376962304 0.0217978202 0.0122987701 0.0066993301 0.0035996400 0.0019998000 0.0009999000 0.0005999400 0.0007999200
0.0000000000 0.0000000000 0.0000000000 0.0003000300 0.0062006201 0.0342034203 0.0871087109 0.1386138614 0.1631163116 0.1565156516 0.1303130313 0.0979097910 0.0683068307 0.0451045105 0.0286028603 0.0176017602 0.0106010601 0.0063006301 0.0037003700 0.0021002100 0.0034003400
0.0000000000 0.0000000000 0.0000000000 0.0000999900 0.0018998100 0.0140985901 0.0461953805 0.0911908809 0.1292870713 0.1460853915 0.1407859214 0.1207879212 0.0950904910 0.0701929807 0.0493950605 0.0334966503 0.0219978002 0.0141985801 0.0089991001 0.0055994401 0.0105989401
0.0000000000 0.0000000000 0.0000000000 0.0000000000 0.0006000600 0.0058005801 0.0237023702 0.0562056206 0.0935093509 0.1216121612 0.1329132913 0.1277127713 0.1116111611 0.0907090709 0.0696069607 0.0512051205 0.0364036404 0.0252025203 0.0171017102 0.0114011401 0.0247024702
0.0000000000 0.0000000000 0.0000000000 0.0000000000 0.0001999600 0.0024995001 0.0120975805 0.0335932813 0.0641871626 0.0942811438 0.1149770046 0.1220755849 0.1166766647 0.1030793841 0.0854829034 0.0675864827 0.0513897221 0.0378924215 0.0271945611 0.0191961608 0.0475904819
0.0000000000 0.0000000000 0.0000000000 0.0000000000 0.0000999800 0.0010997800 0.0061987602 0.0198960208 0.0428914217 0.0701859628 0.0941811638 0.1090781844 0.1128774245 0.1072785443 0.0951809638 0.0800839832 0.0645870826 0.0502899420 0.0381923615 0.0282943411 0.0795840832
0.0000000000 0.0000000000 0.0000000000 0.0000000000 0.0000000000 0.0005000500 0.0032003200 0.0118011801 0.0283028303 0.0510051005 0.0745074507 0.0932093209 0.1036103610 0.1050105011 0.0989098910 0.0881088109 0.0748074807 0.0612061206 0.0486048605 0.0376037604 0.1196119612
0.0000000000 0.0000000000 0.0000000000 0.0000000000 0.0000000000 0.0002000000 0.0017000000 0.0071000000 0.0187000000 0.0367000000 0.0578000000 0.0775000000 0.0916000000 0.0984000000 0.0979000000 0.0915000000 0.0815000000 0.0697000000 0.0576000000 0.0464000000 0.1657000000
0.0000000000 0.0000000000 0.0000000000 0.0000000000 0.0000000000 0.0001000000 0.0010000000 0.0043000000 0.0124000000 0.0263000000 0.0444000000 0.0633000000 0.0792000000 0.0895000000 0.0934000000 0.0914000000 0.0848000000 0.0754000000 0.0647000000 0.0540000000 0.2158000000
0.0000000000 0.0000000000 0.0000000000 0.0000000000 0.0000000000 0.0000999900 0.0004999500 0.0026997300 0.0082991701 0.0188981102 0.0338966103 0.0511948805 0.0673932607 0.0797920208 0.0869913009 0.0885911409 0.0853914609 0.0786921308 0.0697930207 0.0600939906 0.2676732327
</ProbTable>
</Entry>
<Entry>
<Instance>a7 - -</Instance>
<ProbTable>1.0000000000 0.0000000000 0.0000000000 0.0000000000 0.0000000000 0.0000000000 0.0000000000 0.0000000000 0.0000000000 0.0000000000 0.0000000000 0.0000000000 0.0000000000 0.0000000000 0.0000000000 0.0000000000 0.0000000000 0.0000000000 0.0000000000 0.0000000000 0.0000000000
1.0000000000 0.0000000000 0.0000000000 0.0000000000 0.0000000000 0.0000000000 0.0000000000 0.0000000000 0.0000000000 0.0000000000 0.0000000000 0.0000000000 0.0000000000 0.0000000000 0.0000000000 0.0000000000 0.0000000000 0.0000000000 0.0000000000 0.0000000000 0.0000000000
1.0000000000 0.0000000000 0.0000000000 0.0000000000 0.0000000000 0.0000000000 0.0000000000 0.0000000000 0.0000000000 0.0000000000 0.0000000000 0.0000000000 0.0000000000 0.0000000000 0.0000000000 0.0000000000 0.0000000000 0.0000000000 0.0000000000 0.0000000000 0.0000000000
1.0000000000 0.0000000000 0.0000000000 0.0000000000 0.0000000000 0.0000000000 0.0000000000 0.0000000000 0.0000000000 0.0000000000 0.0000000000 0.0000000000 0.0000000000 0.0000000000 0.0000000000 0.0000000000 0.0000000000 0.0000000000 0.0000000000 0.0000000000 0.0000000000
1.0000000000 0.0000000000 0.0000000000 0.0000000000 0.0000000000 0.0000000000 0.0000000000 0.0000000000 0.0000000000 0.0000000000 0.0000000000 0.0000000000 0.0000000000 0.0000000000 0.0000000000 0.0000000000 0.0000000000 0.0000000000 0.0000000000 0.0000000000 0.0000000000
1.0000000000 0.0000000000 0.0000000000 0.0000000000 0.0000000000 0.0000000000 0.0000000000 0.0000000000 0.0000000000 0.0000000000 0.0000000000 0.0000000000 0.0000000000 0.0000000000 0.0000000000 0.0000000000 0.0000000000 0.0000000000 0.0000000000 0.0000000000 0.0000000000
1.0000000000 0.0000000000 0.0000000000 0.0000000000 0.0000000000 0.0000000000 0.0000000000 0.0000000000 0.0000000000 0.0000000000 0.0000000000 0.0000000000 0.0000000000 0.0000000000 0.0000000000 0.0000000000 0.0000000000 0.0000000000 0.0000000000 0.0000000000 0.0000000000
0.0000000000 0.5925000000 0.3881000000 0.0188000000 0.0006000000 0.0000000000 0.0000000000 0.0000000000 0.0000000000 0.0000000000 0.0000000000 0.0000000000 0.0000000000 0.0000000000 0.0000000000 0.0000000000 0.0000000000 0.0000000000 0.0000000000 0.0000000000 0.0000000000
0.0000000000 0.0015001500 0.3182318232 0.4600460046 0.1720172017 0.0393039304 0.0074007401 0.0013001300 0.0002000200 0.0000000000 0.0000000000 0.0000000000 0.0000000000 0.0000000000 0.0000000000 0.0000000000 0.0000000000 0.0000000000 0.0000000000 0.0000000000 0.0000000000
0.0000000000 0.0000000000 0.0233023302 0.2349234923 0.3481348135 0.2317231723 0.1047104710 0.0387038704 0.0128012801 0.0040004000 0.0012001200 0.0004000400 0.0001000100 0.0000000000 0.0000000000 0.0000000000 0.0000000000 0.0000000000 0.0000000000 0.0000000000 0.0000000000
0.0000000000 0.0000000000 0.0013000000 0.0500000000 0.1926000000 0.2687000000 0.2223000000 0.1370000000 0.0708000000 0.0329000000 0.0143000000 0.0060000000 0.0024000000 0.0010000000 0.0004000000 0.0002000000 0.0001000000 0.0000000000 0.0000000000 0.0000000000 0.0000000000
0.0000000000 0.0000000000 0.0000999800 0.0086982603 0.0684863027 0.1673665267 0.2188562288 0.1985602879 0.1435712857 0.0896820636 0.0507898420 0.0269946011 0.0136972605 0.0067986403 0.0032993401 0.0015996801 0.0006998600 0.0003999200 0.0001999600 0.0000999800 0.0000999800
0.0000000000 0.0000000000 0.0000000000 0.0014998500 0.0209979002 0.0799920008 0.1506849315 0.1860813919 0.1757824218 0.1388861114 0.0971902810 0.0623937606 0.0376962304 0.0217978202 0.0122987701 0.0066993301 0.0035996400 0.0019998000 0.0009999000 0.0005999400 0.0007999200
