<?xml version="1.0" encoding="ISO-8859-1"?>

<pomdpx version ="1.0" id="sample" xmlns:xsi="http://www.w3.org/2001/XMLSchema-instance"
      xsi:noNamespaceSchemaLocation="/Users/Milad/Documents/appl-0.96/doc/POMDPX/pomdpx.xsd">

<Description>POMDP model</Description>

<Discount>0.95</Discount>

<Variable>

<StateVar vnamePrev="ps_0" vnameCurr="ps_1" fullyObs="false">
<ValueEnum>a1 a2 a3 a4 a5 a6 a7 a8 a9 a10 a11 a12 a13 a14 a15 a16 a17 a18 a19 a20 a21</ValueEnum>
</StateVar>

<ObsVar vname="measurements">
<NumValues>21</NumValues>
</ObsVar>

<ActionVar vname="action_control">
<ValueEnum>a1 a2 a3 a4 a5 a6 a7 a8 a9 a10 a11 a12 a13 a14 a15 a16 a17 a18 a19 a20 a21</ValueEnum>
</ActionVar>

<RewardVar vname="reward_agent" />
</Variable>

<InitialStateBelief>
<CondProb>
<Var>ps_0</Var>
<Parent>null</Parent>
<Parameter type = "TBL">
<Entry>
<Instance>-</Instance>
<ProbTable>0.0476190476190476 0.0476190476190476 0.0476190476190476 0.0476190476190476 0.0476190476190476 0.0476190476190476 0.0476190476190476 0.0476190476190476 0.0476190476190476 0.0476190476190476 0.0476190476190476 0.0476190476190476 0.0476190476190476 0.0476190476190476 0.0476190476190476 0.0476190476190476 0.0476190476190476 0.0476190476190476 0.0476190476190476 0.0476190476190476 0.0476190476190476</ProbTable>
</Entry>
</Parameter>
</CondProb>

</InitialStateBelief>

<StateTransitionFunction>

<CondProb>
<Var>ps_1</Var>
<Parent>action_control ps_0</Parent>
<Parameter type="TBL">
<Entry>
<Instance>a1 - -</Instance>
<ProbTable>1.0000000000 0.0000000000 0.0000000000 0.0000000000 0.0000000000 0.0000000000 0.0000000000 0.0000000000 0.0000000000 0.0000000000 0.0000000000 0.0000000000 0.0000000000 0.0000000000 0.0000000000 0.0000000000 0.0000000000 0.0000000000 0.0000000000 0.0000000000 0.0000000000
0.0000000000 0.0000000000 0.2849000000 0.7150000000 0.0001000000 0.0000000000 0.0000000000 0.0000000000 0.0000000000 0.0000000000 0.0000000000 0.0000000000 0.0000000000 0.0000000000 0.0000000000 0.0000000000 0.0000000000 0.0000000000 0.0000000000 0.0000000000 0.0000000000
0.0000000000 0.0000000000 0.0000000000 0.0000999900 0.2690730927 0.6933306669 0.0372962704 0.0001999800 0.0000000000 0.0000000000 0.0000000000 0.0000000000 0.0000000000 0.0000000000 0.0000000000 0.0000000000 0.0000000000 0.0000000000 0.0000000000 0.0000000000 0.0000000000
0.0000000000 0.0000000000 0.0000000000 0.0000000000 0.0000000000 0.0182000000 0.4329000000 0.4712000000 0.0743000000 0.0033000000 0.0001000000 0.0000000000 0.0000000000 0.0000000000 0.0000000000 0.0000000000 0.0000000000 0.0000000000 0.0000000000 0.0000000000 0.0000000000
0.0000000000 0.0000000000 0.0000000000 0.0000000000 0.0000000000 0.0000000000 0.0056000000 0.1723000000 0.4877000000 0.2779000000 0.0519000000 0.0044000000 0.0002000000 0.0000000000 0.0000000000 0.0000000000 0.0000000000 0.0000000000 0.0000000000 0.0000000000 0.0000000000
0.0000000000 0.0000000000 0.0000000000 0.0000000000 0.0000000000 0.0000000000 0.0000000000 0.0052000000 0.1119000000 0.3809000000 0.3516000000 0.1257000000 0.0222000000 0.0023000000 0.0002000000 0.0000000000 0.0000000000 0.0000000000 0.0000000000 0.0000000000 0.0000000000
0.0000000000 0.0000000000 0.0000000000 0.0000000000 0.0000000000 0.0000000000 0.0000000000 0.0001000000 0.0089000000 0.1118000000 0.3320000000 0.3415000000 0.1585000000 0.0401000000 0.0063000000 0.0007000000 0.0001000000 0.0000000000 0.0000000000 0.0000000000 0.0000000000
0.0000000000 0.0000000000 0.0000000000 0.0000000000 0.0000000000 0.0000000000 0.0000000000 0.0000000000 0.0006000600 0.0201020102 0.1428142814 0.3232323232 0.3081308131 0.1511151115 0.0441044104 0.0086008601 0.0012001200 0.0001000100 0.0000000000 0.0000000000 0.0000000000
0.0000000000 0.0000000000 0.0000000000 0.0000000000 0.0000000000 0.0000000000 0.0000000000 0.0000000000 0.0001000000 0.0035000000 0.0484000000 0.1978000000 0.3237000000 0.2610000000 0.1207000000 0.0360000000 0.0075000000 0.0012000000 0.0001000000 0.0000000000 0.0000000000
0.0000000000 0.0000000000 0.0000000000 0.0000000000 0.0000000000 0.0000000000 0.0000000000 0.0000000000 0.0000000000 0.0007999200 0.0167983202 0.1065893411 0.2611738826 0.3051694831 0.1990800920 0.0815918408 0.0230976902 0.0047995200 0.0007999200 0.0000999900 0.0000000000
0.0000000000 0.0000000000 0.0000000000 0.0000000000 0.0000000000 0.0000000000 0.0000000000 0.0000000000 0.0000000000 0.0002000200 0.0067006701 0.0592059206 0.1948194819 0.2986298630 0.2505250525 0.1298129813 0.0456045605 0.0117011701 0.0023002300 0.0004000400 0.0001000100
0.0000000000 0.0000000000 0.0000000000 0.0000000000 0.0000000000 0.0000000000 0.0000000000 0.0000000000 0.0000000000 0.0001000000 0.0033000000 0.0365000000 0.1479000000 0.2745000000 0.2748000000 0.1680000000 0.0689000000 0.0204000000 0.0046000000 0.0008000000 0.0002000000
0.0000000000 0.0000000000 0.0000000000 0.0000000000 0.0000000000 0.0000000000 0.0000000000 0.0000000000 0.0000000000 0.0000000000 0.0020004001 0.0258051610 0.1198239648 0.2519503901 0.2831566313 0.1927385477 0.0874174835 0.0284056811 0.0070014003 0.0014002801 0.0003000600
0.0000000000 0.0000000000 0.0000000000 0.0000000000 0.0000000000 0.0000000000 0.0000000000 0.0000000000 0.0000000000 0.0000000000 0.0015000000 0.0211000000 0.1056000000 0.2378000000 0.2848000000 0.2057000000 0.0986000000 0.0338000000 0.0088000000 0.0018000000 0.0005000000
0.0000000000 0.0000000000 0.0000000000 0.0000000000 0.0000000000 0.0000000000 0.0000000000 0.0000000000 0.0000000000 0.0000000000 0.0014001400 0.0198019802 0.1013101310 0.2332233223 0.2849284928 0.2096209621 0.1022102210 0.0356035604 0.0094009401 0.0020002000 0.0005000500
0.0000000000 0.0000000000 0.0000000000 0.0000000000 0.0000000000 0.0000000000 0.0000000000 0.0000000000 0.0000000000 0.0000000000 0.0015000000 0.0210000000 0.1052000000 0.2373000000 0.2848000000 0.2061000000 0.0989000000 0.0340000000 0.0089000000 0.0018000000 0.0005000000
0.0000000000 0.0000000000 0.0000000000 0.0000000000 0.0000000000 0.0000000000 0.0000000000 0.0000000000 0.0000000000 0.0000000000 0.0018998100 0.0246975302 0.1164883512 0.2487751225 0.2836716328 0.1956804320 0.0898910109 0.0295970403 0.0073992601 0.0014998500 0.0003999600
0.0000000000 0.0000000000 0.0000000000 0.0000000000 0.0000000000 0.0000000000 0.0000000000 0.0000000000 0.0000000000 0.0000999900 0.0026997300 0.0314968503 0.1353864614 0.2652734727 0.2791720828 0.1787821218 0.0765923408 0.0235976402 0.0055994401 0.0010998900 0.0001999800
0.0000000000 0.0000000000 0.0000000000 0.0000000000 0.0000000000 0.0000000000 0.0000000000 0.0000000000 0.0000000000 0.0001000000 0.0042000000 0.0428000000 0.1623000000 0.2836000000 0.2686000000 0.1558000000 0.0609000000 0.0172000000 0.0037000000 0.0007000000 0.0001000000
0.0000000000 0.0000000000 0.0000000000 0.0000000000 0.0000000000 0.0000000000 0.0000000000 0.0000000000 0.0000000000 0.0002000200 0.0069006901 0.0603060306 0.1968196820 0.2993299330 0.2492249225 0.1283128313 0.0448044804 0.0114011401 0.0022002200 0.0004000400 0.0001000100
0.0000000000 0.0000000000 0.0000000000 0.0000000000 0.0000000000 0.0000000000 0.0000000000 0.0000000000 0.0000000000 0.0005000000 0.0120000000 0.0866000000 0.2370000000 0.3068000000 0.2201000000 0.0986000000 0.0302000000 0.0068000000 0.0012000000 0.0002000000 0.0000000000
</ProbTable>
</Entry>
<Entry>
<Instance>a2 - -</Instance>
<ProbTable>1.0000000000 0.0000000000 0.0000000000 0.0000000000 0.0000000000 0.0000000000 0.0000000000 0.0000000000 0.0000000000 0.0000000000 0.0000000000 0.0000000000 0.0000000000 0.0000000000 0.0000000000 0.0000000000 0.0000000000 0.0000000000 0.0000000000 0.0000000000 0.0000000000
1.0000000000 0.0000000000 0.0000000000 0.0000000000 0.0000000000 0.0000000000 0.0000000000 0.0000000000 0.0000000000 0.0000000000 0.0000000000 0.0000000000 0.0000000000 0.0000000000 0.0000000000 0.0000000000 0.0000000000 0.0000000000 0.0000000000 0.0000000000 0.0000000000
0.0000000000 0.0000000000 0.2849000000 0.7150000000 0.0001000000 0.0000000000 0.0000000000 0.0000000000 0.0000000000 0.0000000000 0.0000000000 0.0000000000 0.0000000000 0.0000000000 0.0000000000 0.0000000000 0.0000000000 0.0000000000 0.0000000000 0.0000000000 0.0000000000
0.0000000000 0.0000000000 0.0000000000 0.0000999900 0.2690730927 0.6933306669 0.0372962704 0.0001999800 0.0000000000 0.0000000000 0.0000000000 0.0000000000 0.0000000000 0.0000000000 0.0000000000 0.0000000000 0.0000000000 0.0000000000 0.0000000000 0.0000000000 0.0000000000
0.0000000000 0.0000000000 0.0000000000 0.0000000000 0.0000000000 0.0182000000 0.4329000000 0.4712000000 0.0743000000 0.0033000000 0.0001000000 0.0000000000 0.0000000000 0.0000000000 0.0000000000 0.0000000000 0.0000000000 0.0000000000 0.0000000000 0.0000000000 0.0000000000
0.0000000000 0.0000000000 0.0000000000 0.0000000000 0.0000000000 0.0000000000 0.0056000000 0.1723000000 0.4877000000 0.2779000000 0.0519000000 0.0044000000 0.0002000000 0.0000000000 0.0000000000 0.0000000000 0.0000000000 0.0000000000 0.0000000000 0.0000000000 0.0000000000
0.0000000000 0.0000000000 0.0000000000 0.0000000000 0.0000000000 0.0000000000 0.0000000000 0.0052000000 0.1119000000 0.3809000000 0.3516000000 0.1257000000 0.0222000000 0.0023000000 0.0002000000 0.0000000000 0.0000000000 0.0000000000 0.0000000000 0.0000000000 0.0000000000
0.0000000000 0.0000000000 0.0000000000 0.0000000000 0.0000000000 0.0000000000 0.0000000000 0.0001000000 0.0089000000 0.1118000000 0.3320000000 0.3415000000 0.1585000000 0.0401000000 0.0063000000 0.0007000000 0.0001000000 0.0000000000 0.0000000000 0.0000000000 0.0000000000
0.0000000000 0.0000000000 0.0000000000 0.0000000000 0.0000000000 0.0000000000 0.0000000000 0.0000000000 0.0006000600 0.0201020102 0.1428142814 0.3232323232 0.3081308131 0.1511151115 0.0441044104 0.0086008601 0.0012001200 0.0001000100 0.0000000000 0.0000000000 0.0000000000
0.0000000000 0.0000000000 0.0000000000 0.0000000000 0.0000000000 0.0000000000 0.0000000000 0.0000000000 0.0001000000 0.0035000000 0.0484000000 0.1978000000 0.3237000000 0.2610000000 0.1207000000 0.0360000000 0.0075000000 0.0012000000 0.0001000000 0.0000000000 0.0000000000
0.0000000000 0.0000000000 0.0000000000 0.0000000000 0.0000000000 0.0000000000 0.0000000000 0.0000000000 0.0000000000 0.0007999200 0.0167983202 0.1065893411 0.2611738826 0.3051694831 0.1990800920 0.0815918408 0.0230976902 0.0047995200 0.0007999200 0.0000999900 0.0000000000
0.0000000000 0.0000000000 0.0000000000 0.0000000000 0.0000000000 0.0000000000 0.0000000000 0.0000000000 0.0000000000 0.0002000200 0.0067006701 0.0592059206 0.1948194819 0.2986298630 0.2505250525 0.1298129813 0.0456045605 0.0117011701 0.0023002300 0.0004000400 0.0001000100
0.0000000000 0.0000000000 0.0000000000 0.0000000000 0.0000000000 0.0000000000 0.0000000000 0.0000000000 0.0000000000 0.0001000000 0.0033000000 0.0365000000 0.1479000000 0.2745000000 0.2748000000 0.1680000000 0.0689000000 0.0204000000 0.0046000000 0.0008000000 0.0002000000
0.0000000000 0.0000000000 0.0000000000 0.0000000000 0.0000000000 0.0000000000 0.0000000000 0.0000000000 0.0000000000 0.0000000000 0.0020004001 0.0258051610 0.1198239648 0.2519503901 0.2831566313 0.1927385477 0.0874174835 0.0284056811 0.0070014003 0.0014002801 0.0003000600
0.0000000000 0.0000000000 0.0000000000 0.0000000000 0.0000000000 0.0000000000 0.0000000000 0.0000000000 0.0000000000 0.0000000000 0.0015000000 0.0211000000 0.1056000000 0.2378000000 0.2848000000 0.2057000000 0.0986000000 0.0338000000 0.0088000000 0.0018000000 0.0005000000
0.0000000000 0.0000000000 0.0000000000 0.0000000000 0.0000000000 0.0000000000 0.0000000000 0.0000000000 0.0000000000 0.0000000000 0.0014001400 0.0198019802 0.1013101310 0.2332233223 0.2849284928 0.2096209621 0.1022102210 0.0356035604 0.0094009401 0.0020002000 0.0005000500
0.0000000000 0.0000000000 0.0000000000 0.0000000000 0.0000000000 0.0000000000 0.0000000000 0.0000000000 0.0000000000 0.0000000000 0.0015000000 0.0210000000 0.1052000000 0.2373000000 0.2848000000 0.2061000000 0.0989000000 0.0340000000 0.0089000000 0.0018000000 0.0005000000
0.0000000000 0.0000000000 0.0000000000 0.0000000000 0.0000000000 0.0000000000 0.0000000000 0.0000000000 0.0000000000 0.0000000000 0.0018998100 0.0246975302 0.1164883512 0.2487751225 0.2836716328 0.1956804320 0.0898910109 0.0295970403 0.0073992601 0.0014998500 0.0003999600
0.0000000000 0.0000000000 0.0000000000 0.0000000000 0.0000000000 0.0000000000 0.0000000000 0.0000000000 0.0000000000 0.0000999900 0.0026997300 0.0314968503 0.1353864614 0.2652734727 0.2791720828 0.1787821218 0.0765923408 0.0235976402 0.0055994401 0.0010998900 0.0001999800
0.0000000000 0.0000000000 0.0000000000 0.0000000000 0.0000000000 0.0000000000 0.0000000000 0.0000000000 0.0000000000 0.0001000000 0.0042000000 0.0428000000 0.1623000000 0.2836000000 0.2686000000 0.1558000000 0.0609000000 0.0172000000 0.0037000000 0.0007000000 0.0001000000
0.0000000000 0.0000000000 0.0000000000 0.0000000000 0.0000000000 0.0000000000 0.0000000000 0.0000000000 0.0000000000 0.0002000200 0.0069006901 0.0603060306 0.1968196820 0.2993299330 0.2492249225 0.1283128313 0.0448044804 0.0114011401 0.0022002200 0.0004000400 0.0001000100
</ProbTable>
</Entry>
<Entry>
<Instance>a3 - -</Instance>
<ProbTable>1.0000000000 0.0000000000 0.0000000000 0.0000000000 0.0000000000 0.0000000000 0.0000000000 0.0000000000 0.0000000000 0.0000000000 0.0000000000 0.0000000000 0.0000000000 0.0000000000 0.0000000000 0.0000000000 0.0000000000 0.0000000000 0.0000000000 0.0000000000 0.0000000000
1.0000000000 0.0000000000 0.0000000000 0.0000000000 0.0000000000 0.0000000000 0.0000000000 0.0000000000 0.0000000000 0.0000000000 0.0000000000 0.0000000000 0.0000000000 0.0000000000 0.0000000000 0.0000000000 0.0000000000 0.0000000000 0.0000000000 0.0000000000 0.0000000000
1.0000000000 0.0000000000 0.0000000000 0.0000000000 0.0000000000 0.0000000000 0.0000000000 0.0000000000 0.0000000000 0.0000000000 0.0000000000 0.0000000000 0.0000000000 0.0000000000 0.0000000000 0.0000000000 0.0000000000 0.0000000000 0.0000000000 0.0000000000 0.0000000000
0.0000000000 0.0000000000 0.2849000000 0.7150000000 0.0001000000 0.0000000000 0.0000000000 0.0000000000 0.0000000000 0.0000000000 0.0000000000 0.0000000000 0.0000000000 0.0000000000 0.0000000000 0.0000000000 0.0000000000 0.0000000000 0.0000000000 0.0000000000 0.0000000000
0.0000000000 0.0000000000 0.0000000000 0.0000999900 0.2690730927 0.6933306669 0.0372962704 0.0001999800 0.0000000000 0.0000000000 0.0000000000 0.0000000000 0.0000000000 0.0000000000 0.0000000000 0.0000000000 0.0000000000 0.0000000000 0.0000000000 0.0000000000 0.0000000000
0.0000000000 0.0000000000 0.0000000000 0.0000000000 0.0000000000 0.0182000000 0.4329000000 0.4712000000 0.0743000000 0.0033000000 0.0001000000 0.0000000000 0.0000000000 0.0000000000 0.0000000000 0.0000000000 0.0000000000 0.0000000000 0.0000000000 0.0000000000 0.0000000000
0.0000000000 0.0000000000 0.0000000000 0.0000000000 0.0000000000 0.0000000000 0.0056000000 0.1723000000 0.4877000000 0.2779000000 0.0519000000 0.0044000000 0.0002000000 0.0000000000 0.0000000000 0.0000000000 0.0000000000 0.0000000000 0.0000000000 0.0000000000 0.0000000000
0.0000000000 0.0000000000 0.0000000000 0.0000000000 0.0000000000 0.0000000000 0.0000000000 0.0052000000 0.1119000000 0.3809000000 0.3516000000 0.1257000000 0.0222000000 0.0023000000 0.0002000000 0.0000000000 0.0000000000 0.0000000000 0.0000000000 0.0000000000 0.0000000000
0.0000000000 0.0000000000 0.0000000000 0.0000000000 0.0000000000 0.0000000000 0.0000000000 0.0001000000 0.0089000000 0.1118000000 0.3320000000 0.3415000000 0.1585000000 0.0401000000 0.0063000000 0.0007000000 0.0001000000 0.0000000000 0.0000000000 0.0000000000 0.0000000000
0.0000000000 0.0000000000 0.0000000000 0.0000000000 0.0000000000 0.0000000000 0.0000000000 0.0000000000 0.0006000600 0.0201020102 0.1428142814 0.3232323232 0.3081308131 0.1511151115 0.0441044104 0.0086008601 0.0012001200 0.0001000100 0.0000000000 0.0000000000 0.0000000000
0.0000000000 0.0000000000 0.0000000000 0.0000000000 0.0000000000 0.0000000000 0.0000000000 0.0000000000 0.0001000000 0.0035000000 0.0484000000 0.1978000000 0.3237000000 0.2610000000 0.1207000000 0.0360000000 0.0075000000 0.0012000000 0.0001000000 0.0000000000 0.0000000000
0.0000000000 0.0000000000 0.0000000000 0.0000000000 0.0000000000 0.0000000000 0.0000000000 0.0000000000 0.0000000000 0.0007999200 0.0167983202 0.1065893411 0.2611738826 0.3051694831 0.1990800920 0.0815918408 0.0230976902 0.0047995200 0.0007999200 0.0000999900 0.0000000000
0.0000000000 0.0000000000 0.0000000000 0.0000000000 0.0000000000 0.0000000000 0.0000000000 0.0000000000 0.0000000000 0.0002000200 0.0067006701 0.0592059206 0.1948194819 0.2986298630 0.2505250525 0.1298129813 0.0456045605 0.0117011701 0.0023002300 0.0004000400 0.0001000100
0.0000000000 0.0000000000 0.0000000000 0.0000000000 0.0000000000 0.0000000000 0.0000000000 0.0000000000 0.0000000000 0.0001000000 0.0033000000 0.0365000000 0.1479000000 0.2745000000 0.2748000000 0.1680000000 0.0689000000 0.0204000000 0.0046000000 0.0008000000 0.0002000000
0.0000000000 0.0000000000 0.0000000000 0.0000000000 0.0000000000 0.0000000000 0.0000000000 0.0000000000 0.0000000000 0.0000000000 0.0020004001 0.0258051610 0.1198239648 0.2519503901 0.2831566313 0.1927385477 0.0874174835 0.0284056811 0.0070014003 0.0014002801 0.0003000600
0.0000000000 0.0000000000 0.0000000000 0.0000000000 0.0000000000 0.0000000000 0.0000000000 0.0000000000 0.0000000000 0.0000000000 0.0015000000 0.0211000000 0.1056000000 0.2378000000 0.2848000000 0.2057000000 0.0986000000 0.0338000000 0.0088000000 0.0018000000 0.0005000000
0.0000000000 0.0000000000 0.0000000000 0.0000000000 0.0000000000 0.0000000000 0.0000000000 0.0000000000 0.0000000000 0.0000000000 0.0014001400 0.0198019802 0.1013101310 0.2332233223 0.2849284928 0.2096209621 0.1022102210 0.0356035604 0.0094009401 0.0020002000 0.0005000500
0.0000000000 0.0000000000 0.0000000000 0.0000000000 0.0000000000 0.0000000000 0.0000000000 0.0000000000 0.0000000000 0.0000000000 0.0015000000 0.0210000000 0.1052000000 0.2373000000 0.2848000000 0.2061000000 0.0989000000 0.0340000000 0.0089000000 0.0018000000 0.0005000000
0.0000000000 0.0000000000 0.0000000000 0.0000000000 0.0000000000 0.0000000000 0.0000000000 0.0000000000 0.0000000000 0.0000000000 0.0018998100 0.0246975302 0.1164883512 0.2487751225 0.2836716328 0.1956804320 0.0898910109 0.0295970403 0.0073992601 0.0014998500 0.0003999600
0.0000000000 0.0000000000 0.0000000000 0.0000000000 0.0000000000 0.0000000000 0.0000000000 0.0000000000 0.0000000000 0.0000999900 0.0026997300 0.0314968503 0.1353864614 0.2652734727 0.2791720828 0.1787821218 0.0765923408 0.0235976402 0.0055994401 0.0010998900 0.0001999800
0.0000000000 0.0000000000 0.0000000000 0.0000000000 0.0000000000 0.0000000000 0.0000000000 0.0000000000 0.0000000000 0.0001000000 0.0042000000 0.0428000000 0.1623000000 0.2836000000 0.2686000000 0.1558000000 0.0609000000 0.0172000000 0.0037000000 0.0007000000 0.0001000000
</ProbTable>
</Entry>
<Entry>
<Instance>a4 - -</Instance>
<ProbTable>1.0000000000 0.0000000000 0.0000000000 0.0000000000 0.0000000000 0.0000000000 0.0000000000 0.0000000000 0.0000000000 0.0000000000 0.0000000000 0.0000000000 0.0000000000 0.0000000000 0.0000000000 0.0000000000 0.0000000000 0.0000000000 0.0000000000 0.0000000000 0.0000000000
1.0000000000 0.0000000000 0.0000000000 0.0000000000 0.0000000000 0.0000000000 0.0000000000 0.0000000000 0.0000000000 0.0000000000 0.0000000000 0.0000000000 0.0000000000 0.0000000000 0.0000000000 0.0000000000 0.0000000000 0.0000000000 0.0000000000 0.0000000000 0.0000000000
1.0000000000 0.0000000000 0.0000000000 0.0000000000 0.0000000000 0.0000000000 0.0000000000 0.0000000000 0.0000000000 0.0000000000 0.0000000000 0.0000000000 0.0000000000 0.0000000000 0.0000000000 0.0000000000 0.0000000000 0.0000000000 0.0000000000 0.0000000000 0.0000000000
1.0000000000 0.0000000000 0.0000000000 0.0000000000 0.0000000000 0.0000000000 0.0000000000 0.0000000000 0.0000000000 0.0000000000 0.0000000000 0.0000000000 0.0000000000 0.0000000000 0.0000000000 0.0000000000 0.0000000000 0.0000000000 0.0000000000 0.0000000000 0.0000000000
0.0000000000 0.0000000000 0.2849000000 0.7150000000 0.0001000000 0.0000000000 0.0000000000 0.0000000000 0.0000000000 0.0000000000 0.0000000000 0.0000000000 0.0000000000 0.0000000000 0.0000000000 0.0000000000 0.0000000000 0.0000000000 0.0000000000 0.0000000000 0.0000000000
0.0000000000 0.0000000000 0.0000000000 0.0000999900 0.2690730927 0.6933306669 0.0372962704 0.0001999800 0.0000000000 0.0000000000 0.0000000000 0.0000000000 0.0000000000 0.0000000000 0.0000000000 0.0000000000 0.0000000000 0.0000000000 0.0000000000 0.0000000000 0.0000000000
0.0000000000 0.0000000000 0.0000000000 0.0000000000 0.0000000000 0.0182000000 0.4329000000 0.4712000000 0.0743000000 0.0033000000 0.0001000000 0.0000000000 0.0000000000 0.0000000000 0.0000000000 0.0000000000 0.0000000000 0.0000000000 0.0000000000 0.0000000000 0.0000000000
0.0000000000 0.0000000000 0.0000000000 0.0000000000 0.0000000000 0.0000000000 0.0056000000 0.1723000000 0.4877000000 0.2779000000 0.0519000000 0.0044000000 0.0002000000 0.0000000000 0.0000000000 0.0000000000 0.0000000000 0.0000000000 0.0000000000 0.0000000000 0.0000000000
0.0000000000 0.0000000000 0.0000000000 0.0000000000 0.0000000000 0.0000000000 0.0000000000 0.0052000000 0.1119000000 0.3809000000 0.3516000000 0.1257000000 0.0222000000 0.0023000000 0.0002000000 0.0000000000 0.0000000000 0.0000000000 0.0000000000 0.0000000000 0.0000000000
0.0000000000 0.0000000000 0.0000000000 0.0000000000 0.0000000000 0.0000000000 0.0000000000 0.0001000000 0.0089000000 0.1118000000 0.3320000000 0.3415000000 0.1585000000 0.0401000000 0.0063000000 0.0007000000 0.0001000000 0.0000000000 0.0000000000 0.0000000000 0.0000000000
0.0000000000 0.0000000000 0.0000000000 0.0000000000 0.0000000000 0.0000000000 0.0000000000 0.0000000000 0.0006000600 0.0201020102 0.1428142814 0.3232323232 0.3081308131 0.1511151115 0.0441044104 0.0086008601 0.0012001200 0.0001000100 0.0000000000 0.0000000000 0.0000000000
0.0000000000 0.0000000000 0.0000000000 0.0000000000 0.0000000000 0.0000000000 0.0000000000 0.0000000000 0.0001000000 0.0035000000 0.0484000000 0.1978000000 0.3237000000 0.2610000000 0.1207000000 0.0360000000 0.0075000000 0.0012000000 0.0001000000 0.0000000000 0.0000000000
0.0000000000 0.0000000000 0.0000000000 0.0000000000 0.0000000000 0.0000000000 0.0000000000 0.0000000000 0.0000000000 0.0007999200 0.0167983202 0.1065893411 0.2611738826 0.3051694831 0.1990800920 0.0815918408 0.0230976902 0.0047995200 0.0007999200 0.0000999900 0.0000000000
0.0000000000 0.0000000000 0.0000000000 0.0000000000 0.0000000000 0.0000000000 0.0000000000 0.0000000000 0.0000000000 0.0002000200 0.0067006701 0.0592059206 0.1948194819 0.2986298630 0.2505250525 0.1298129813 0.0456045605 0.0117011701 0.0023002300 0.0004000400 0.0001000100
0.0000000000 0.0000000000 0.0000000000 0.0000000000 0.0000000000 0.0000000000 0.0000000000 0.0000000000 0.0000000000 0.0001000000 0.0033000000 0.0365000000 0.1479000000 0.2745000000 0.2748000000 0.1680000000 0.0689000000 0.0204000000 0.0046000000 0.0008000000 0.0002000000
0.0000000000 0.0000000000 0.0000000000 0.0000000000 0.0000000000 0.0000000000 0.0000000000 0.0000000000 0.0000000000 0.0000000000 0.0020004001 0.0258051610 0.1198239648 0.2519503901 0.2831566313 0.1927385477 0.0874174835 0.0284056811 0.0070014003 0.0014002801 0.0003000600
0.0000000000 0.0000000000 0.0000000000 0.0000000000 0.0000000000 0.0000000000 0.0000000000 0.0000000000 0.0000000000 0.0000000000 0.0015000000 0.0211000000 0.1056000000 0.2378000000 0.2848000000 0.2057000000 0.0986000000 0.0338000000 0.0088000000 0.0018000000 0.0005000000
0.0000000000 0.0000000000 0.0000000000 0.0000000000 0.0000000000 0.0000000000 0.0000000000 0.0000000000 0.0000000000 0.0000000000 0.0014001400 0.0198019802 0.1013101310 0.2332233223 0.2849284928 0.2096209621 0.1022102210 0.0356035604 0.0094009401 0.0020002000 0.0005000500
0.0000000000 0.0000000000 0.0000000000 0.0000000000 0.0000000000 0.0000000000 0.0000000000 0.0000000000 0.0000000000 0.0000000000 0.0015000000 0.0210000000 0.1052000000 0.2373000000 0.2848000000 0.2061000000 0.0989000000 0.0340000000 0.0089000000 0.0018000000 0.0005000000
0.0000000000 0.0000000000 0.0000000000 0.0000000000 0.0000000000 0.0000000000 0.0000000000 0.0000000000 0.0000000000 0.0000000000 0.0018998100 0.0246975302 0.1164883512 0.2487751225 0.2836716328 0.1956804320 0.0898910109 0.0295970403 0.0073992601 0.0014998500 0.0003999600
0.0000000000 0.0000000000 0.0000000000 0.0000000000 0.0000000000 0.0000000000 0.0000000000 0.0000000000 0.0000000000 0.0000999900 0.0026997300 0.0314968503 0.1353864614 0.2652734727 0.2791720828 0.1787821218 0.0765923408 0.0235976402 0.0055994401 0.0010998900 0.0001999800
</ProbTable>
</Entry>
<Entry>
<Instance>a5 - -</Instance>
<ProbTable>1.0000000000 0.0000000000 0.0000000000 0.0000000000 0.0000000000 0.0000000000 0.0000000000 0.0000000000 0.0000000000 0.0000000000 0.0000000000 0.0000000000 0.0000000000 0.0000000000 0.0000000000 0.0000000000 0.0000000000 0.0000000000 0.0000000000 0.0000000000 0.0000000000
1.0000000000 0.0000000000 0.0000000000 0.0000000000 0.0000000000 0.0000000000 0.0000000000 0.0000000000 0.0000000000 0.0000000000 0.0000000000 0.0000000000 0.0000000000 0.0000000000 0.0000000000 0.0000000000 0.0000000000 0.0000000000 0.0000000000 0.0000000000 0.0000000000
1.0000000000 0.0000000000 0.0000000000 0.0000000000 0.0000000000 0.0000000000 0.0000000000 0.0000000000 0.0000000000 0.0000000000 0.0000000000 0.0000000000 0.0000000000 0.0000000000 0.0000000000 0.0000000000 0.0000000000 0.0000000000 0.0000000000 0.0000000000 0.0000000000
1.0000000000 0.0000000000 0.0000000000 0.0000000000 0.0000000000 0.0000000000 0.0000000000 0.0000000000 0.0000000000 0.0000000000 0.0000000000 0.0000000000 0.0000000000 0.0000000000 0.0000000000 0.0000000000 0.0000000000 0.0000000000 0.0000000000 0.0000000000 0.0000000000
1.0000000000 0.0000000000 0.0000000000 0.0000000000 0.0000000000 0.0000000000 0.0000000000 0.0000000000 0.0000000000 0.0000000000 0.0000000000 0.0000000000 0.0000000000 0.0000000000 0.0000000000 0.0000000000 0.0000000000 0.0000000000 0.0000000000 0.0000000000 0.0000000000
0.0000000000 0.0000000000 0.2849000000 0.7150000000 0.0001000000 0.0000000000 0.0000000000 0.0000000000 0.0000000000 0.0000000000 0.0000000000 0.0000000000 0.0000000000 0.0000000000 0.0000000000 0.0000000000 0.0000000000 0.0000000000 0.0000000000 0.0000000000 0.0000000000
0.0000000000 0.0000000000 0.0000000000 0.0000999900 0.2690730927 0.6933306669 0.0372962704 0.0001999800 0.0000000000 0.0000000000 0.0000000000 0.0000000000 0.0000000000 0.0000000000 0.0000000000 0.0000000000 0.0000000000 0.0000000000 0.0000000000 0.0000000000 0.0000000000
0.0000000000 0.0000000000 0.0000000000 0.0000000000 0.0000000000 0.0182000000 0.4329000000 0.4712000000 0.0743000000 0.0033000000 0.0001000000 0.0000000000 0.0000000000 0.0000000000 0.0000000000 0.0000000000 0.0000000000 0.0000000000 0.0000000000 0.0000000000 0.0000000000
0.0000000000 0.0000000000 0.0000000000 0.0000000000 0.0000000000 0.0000000000 0.0056000000 0.1723000000 0.4877000000 0.2779000000 0.0519000000 0.0044000000 0.0002000000 0.0000000000 0.0000000000 0.0000000000 0.0000000000 0.0000000000 0.0000000000 0.0000000000 0.0000000000
0.0000000000 0.0000000000 0.0000000000 0.0000000000 0.0000000000 0.0000000000 0.0000000000 0.0052000000 0.1119000000 0.3809000000 0.3516000000 0.1257000000 0.0222000000 0.0023000000 0.0002000000 0.0000000000 0.0000000000 0.0000000000 0.0000000000 0.0000000000 0.0000000000
0.0000000000 0.0000000000 0.0000000000 0.0000000000 0.0000000000 0.0000000000 0.0000000000 0.0001000000 0.0089000000 0.1118000000 0.3320000000 0.3415000000 0.1585000000 0.0401000000 0.0063000000 0.0007000000 0.0001000000 0.0000000000 0.0000000000 0.0000000000 0.0000000000
0.0000000000 0.0000000000 0.0000000000 0.0000000000 0.0000000000 0.0000000000 0.0000000000 0.0000000000 0.0006000600 0.0201020102 0.1428142814 0.3232323232 0.3081308131 0.1511151115 0.0441044104 0.0086008601 0.0012001200 0.0001000100 0.0000000000 0.0000000000 0.0000000000
0.0000000000 0.0000000000 0.0000000000 0.0000000000 0.0000000000 0.0000000000 0.0000000000 0.0000000000 0.0001000000 0.0035000000 0.0484000000 0.1978000000 0.3237000000 0.2610000000 0.1207000000 0.0360000000 0.0075000000 0.0012000000 0.0001000000 0.0000000000 0.0000000000
0.0000000000 0.0000000000 0.0000000000 0.0000000000 0.0000000000 0.0000000000 0.0000000000 0.0000000000 0.0000000000 0.0007999200 0.0167983202 0.1065893411 0.2611738826 0.3051694831 0.1990800920 0.0815918408 0.0230976902 0.0047995200 0.0007999200 0.0000999900 0.0000000000
0.0000000000 0.0000000000 0.0000000000 0.0000000000 0.0000000000 0.0000000000 0.0000000000 0.0000000000 0.0000000000 0.0002000200 0.0067006701 0.0592059206 0.1948194819 0.2986298630 0.2505250525 0.1298129813 0.0456045605 0.0117011701 0.0023002300 0.0004000400 0.0001000100
0.0000000000 0.0000000000 0.0000000000 0.0000000000 0.0000000000 0.0000000000 0.0000000000 0.0000000000 0.0000000000 0.0001000000 0.0033000000 0.0365000000 0.1479000000 0.2745000000 0.2748000000 0.1680000000 0.0689000000 0.0204000000 0.0046000000 0.0008000000 0.0002000000
0.0000000000 0.0000000000 0.0000000000 0.0000000000 0.0000000000 0.0000000000 0.0000000000 0.0000000000 0.0000000000 0.0000000000 0.0020004001 0.0258051610 0.1198239648 0.2519503901 0.2831566313 0.1927385477 0.0874174835 0.0284056811 0.0070014003 0.0014002801 0.0003000600
0.0000000000 0.0000000000 0.0000000000 0.0000000000 0.0000000000 0.0000000000 0.0000000000 0.0000000000 0.0000000000 0.0000000000 0.0015000000 0.0211000000 0.1056000000 0.2378000000 0.2848000000 0.2057000000 0.0986000000 0.0338000000 0.0088000000 0.0018000000 0.0005000000
0.0000000000 0.0000000000 0.0000000000 0.0000000000 0.0000000000 0.0000000000 0.0000000000 0.0000000000 0.0000000000 0.0000000000 0.0014001400 0.0198019802 0.1013101310 0.2332233223 0.2849284928 0.2096209621 0.1022102210 0.0356035604 0.0094009401 0.0020002000 0.0005000500
0.0000000000 0.0000000000 0.0000000000 0.0000000000 0.0000000000 0.0000000000 0.0000000000 0.0000000000 0.0000000000 0.0000000000 0.0015000000 0.0210000000 0.1052000000 0.2373000000 0.2848000000 0.2061000000 0.0989000000 0.0340000000 0.0089000000 0.0018000000 0.0005000000
0.0000000000 0.0000000000 0.0000000000 0.0000000000 0.0000000000 0.0000000000 0.0000000000 0.0000000000 0.0000000000 0.0000000000 0.0018998100 0.0246975302 0.1164883512 0.2487751225 0.2836716328 0.1956804320 0.0898910109 0.0295970403 0.0073992601 0.0014998500 0.0003999600
</ProbTable>
</Entry>
<Entry>
<Instance>a6 - -</Instance>
<ProbTable>1.0000000000 0.0000000000 0.0000000000 0.0000000000 0.0000000000 0.0000000000 0.0000000000 0.0000000000 0.0000000000 0.0000000000 0.0000000000 0.0000000000 0.0000000000 0.0000000000 0.0000000000 0.0000000000 0.0000000000 0.0000000000 0.0000000000 0.0000000000 0.0000000000
1.0000000000 0.0000000000 0.0000000000 0.0000000000 0.0000000000 0.0000000000 0.0000000000 0.0000000000 0.0000000000 0.0000000000 0.0000000000 0.0000000000 0.0000000000 0.0000000000 0.0000000000 0.0000000000 0.0000000000 0.0000000000 0.0000000000 0.0000000000 0.0000000000
1.0000000000 0.0000000000 0.0000000000 0.0000000000 0.0000000000 0.0000000000 0.0000000000 0.0000000000 0.0000000000 0.0000000000 0.0000000000 0.0000000000 0.0000000000 0.0000000000 0.0000000000 0.0000000000 0.0000000000 0.0000000000 0.0000000000 0.0000000000 0.0000000000
1.0000000000 0.0000000000 0.0000000000 0.0000000000 0.0000000000 0.0000000000 0.0000000000 0.0000000000 0.0000000000 0.0000000000 0.0000000000 0.0000000000 0.0000000000 0.0000000000 0.0000000000 0.0000000000 0.0000000000 0.0000000000 0.0000000000 0.0000000000 0.0000000000
1.0000000000 0.0000000000 0.0000000000 0.0000000000 0.0000000000 0.0000000000 0.0000000000 0.0000000000 0.0000000000 0.0000000000 0.0000000000 0.0000000000 0.0000000000 0.0000000000 0.0000000000 0.0000000000 0.0000000000 0.0000000000 0.0000000000 0.0000000000 0.0000000000
1.0000000000 0.0000000000 0.0000000000 0.0000000000 0.0000000000 0.0000000000 0.0000000000 0.0000000000 0.0000000000 0.0000000000 0.0000000000 0.0000000000 0.0000000000 0.0000000000 0.0000000000 0.0000000000 0.0000000000 0.0000000000 0.0000000000 0.0000000000 0.0000000000
0.0000000000 0.0000000000 0.2849000000 0.7150000000 0.0001000000 0.0000000000 0.0000000000 0.0000000000 0.0000000000 0.0000000000 0.0000000000 0.0000000000 0.0000000000 0.0000000000 0.0000000000 0.0000000000 0.0000000000 0.0000000000 0.0000000000 0.0000000000 0.0000000000
0.0000000000 0.0000000000 0.0000000000 0.0000999900 0.2690730927 0.6933306669 0.0372962704 0.0001999800 0.0000000000 0.0000000000 0.0000000000 0.0000000000 0.0000000000 0.0000000000 0.0000000000 0.0000000000 0.0000000000 0.0000000000 0.0000000000 0.0000000000 0.0000000000
0.0000000000 0.0000000000 0.0000000000 0.0000000000 0.0000000000 0.0182000000 0.4329000000 0.4712000000 0.0743000000 0.0033000000 0.0001000000 0.0000000000 0.0000000000 0.0000000000 0.0000000000 0.0000000000 0.0000000000 0.0000000000 0.0000000000 0.0000000000 0.0000000000
0.0000000000 0.0000000000 0.0000000000 0.0000000000 0.0000000000 0.0000000000 0.0056000000 0.1723000000 0.4877000000 0.2779000000 0.0519000000 0.0044000000 0.0002000000 0.0000000000 0.0000000000 0.0000000000 0.0000000000 0.0000000000 0.0000000000 0.0000000000 0.0000000000
0.0000000000 0.0000000000 0.0000000000 0.0000000000 0.0000000000 0.0000000000 0.0000000000 0.0052000000 0.1119000000 0.3809000000 0.3516000000 0.1257000000 0.0222000000 0.0023000000 0.0002000000 0.0000000000 0.0000000000 0.0000000000 0.0000000000 0.0000000000 0.0000000000
0.0000000000 0.0000000000 0.0000000000 0.0000000000 0.0000000000 0.0000000000 0.0000000000 0.0001000000 0.0089000000 0.1118000000 0.3320000000 0.3415000000 0.1585000000 0.0401000000 0.0063000000 0.0007000000 0.0001000000 0.0000000000 0.0000000000 0.0000000000 0.0000000000
0.0000000000 0.0000000000 0.0000000000 0.0000000000 0.0000000000 0.0000000000 0.0000000000 0.0000000000 0.0006000600 0.0201020102 0.1428142814 0.3232323232 0.3081308131 0.1511151115 0.0441044104 0.0086008601 0.0012001200 0.0001000100 0.0000000000 0.0000000000 0.0000000000
0.0000000000 0.0000000000 0.0000000000 0.0000000000 0.0000000000 0.0000000000 0.0000000000 0.0000000000 0.0001000000 0.0035000000 0.0484000000 0.1978000000 0.3237000000 0.2610000000 0.1207000000 0.0360000000 0.0075000000 0.0012000000 0.0001000000 0.0000000000 0.0000000000
0.0000000000 0.0000000000 0.0000000000 0.0000000000 0.0000000000 0.0000000000 0.0000000000 0.0000000000 0.0000000000 0.0007999200 0.0167983202 0.1065893411 0.2611738826 0.3051694831 0.1990800920 0.0815918408 0.0230976902 0.0047995200 0.0007999200 0.0000999900 0.0000000000
0.0000000000 0.0000000000 0.0000000000 0.0000000000 0.0000000000 0.0000000000 0.0000000000 0.0000000000 0.0000000000 0.0002000200 0.0067006701 0.0592059206 0.1948194819 0.2986298630 0.2505250525 0.1298129813 0.0456045605 0.0117011701 0.0023002300 0.0004000400 0.0001000100
0.0000000000 0.0000000000 0.0000000000 0.0000000000 0.0000000000 0.0000000000 0.0000000000 0.0000000000 0.0000000000 0.0001000000 0.0033000000 0.0365000000 0.1479000000 0.2745000000 0.2748000000 0.1680000000 0.0689000000 0.0204000000 0.0046000000 0.0008000000 0.0002000000
0.0000000000 0.0000000000 0.0000000000 0.0000000000 0.0000000000 0.0000000000 0.0000000000 0.0000000000 0.0000000000 0.0000000000 0.0020004001 0.0258051610 0.1198239648 0.2519503901 0.2831566313 0.1927385477 0.0874174835 0.0284056811 0.0070014003 0.0014002801 0.0003000600
0.0000000000 0.0000000000 0.0000000000 0.0000000000 0.0000000000 0.0000000000 0.0000000000 0.0000000000 0.0000000000 0.0000000000 0.0015000000 0.0211000000 0.1056000000 0.2378000000 0.2848000000 0.2057000000 0.0986000000 0.0338000000 0.0088000000 0.0018000000 0.0005000000
0.0000000000 0.0000000000 0.0000000000 0.0000000000 0.0000000000 0.0000000000 0.0000000000 0.0000000000 0.0000000000 0.0000000000 0.0014001400 0.0198019802 0.1013101310 0.2332233223 0.2849284928 0.2096209621 0.1022102210 0.0356035604 0.0094009401 0.0020002000 0.0005000500
0.0000000000 0.0000000000 0.0000000000 0.0000000000 0.0000000000 0.0000000000 0.0000000000 0.0000000000 0.0000000000 0.0000000000 0.0015000000 0.0210000000 0.1052000000 0.2373000000 0.2848000000 0.2061000000 0.0989000000 0.0340000000 0.0089000000 0.0018000000 0.0005000000
</ProbTable>
</Entry>
<Entry>
<Instance>a7 - -</Instance>
<ProbTable>1.0000000000 0.0000000000 0.0000000000 0.0000000000 0.0000000000 0.0000000000 0.0000000000 0.0000000000 0.0000000000 0.0000000000 0.0000000000 0.0000000000 0.0000000000 0.0000000000 0.0000000000 0.0000000000 0.0000000000 0.0000000000 0.0000000000 0.0000000000 0.0000000000
1.0000000000 0.0000000000 0.0000000000 0.0000000000 0.0000000000 0.0000000000 0.0000000000 0.0000000000 0.0000000000 0.0000000000 0.0000000000 0.0000000000 0.0000000000 0.0000000000 0.0000000000 0.0000000000 0.0000000000 0.0000000000 0.0000000000 0.0000000000 0.0000000000
1.0000000000 0.0000000000 0.0000000000 0.0000000000 0.0000000000 0.0000000000 0.0000000000 0.0000000000 0.0000000000 0.0000000000 0.0000000000 0.0000000000 0.0000000000 0.0000000000 0.0000000000 0.0000000000 0.0000000000 0.0000000000 0.0000000000 0.0000000000 0.0000000000
1.0000000000 0.0000000000 0.0000000000 0.0000000000 0.0000000000 0.0000000000 0.0000000000 0.0000000000 0.0000000000 0.0000000000 0.0000000000 0.0000000000 0.0000000000 0.0000000000 0.0000000000 0.0000000000 0.0000000000 0.0000000000 0.0000000000 0.0000000000 0.0000000000
1.0000000000 0.0000000000 0.0000000000 0.0000000000 0.0000000000 0.0000000000 0.0000000000 0.0000000000 0.0000000000 0.0000000000 0.0000000000 0.0000000000 0.0000000000 0.0000000000 0.0000000000 0.0000000000 0.0000000000 0.0000000000 0.0000000000 0.0000000000 0.0000000000
1.0000000000 0.0000000000 0.0000000000 0.0000000000 0.0000000000 0.0000000000 0.0000000000 0.0000000000 0.0000000000 0.0000000000 0.0000000000 0.0000000000 0.0000000000 0.0000000000 0.0000000000 0.0000000000 0.0000000000 0.0000000000 0.0000000000 0.0000000000 0.0000000000
1.0000000000 0.0000000000 0.0000000000 0.0000000000 0.0000000000 0.0000000000 0.0000000000 0.0000000000 0.0000000000 0.0000000000 0.0000000000 0.0000000000 0.0000000000 0.0000000000 0.0000000000 0.0000000000 0.0000000000 0.0000000000 0.0000000000 0.0000000000 0.0000000000
0.0000000000 0.0000000000 0.2849000000 0.7150000000 0.0001000000 0.0000000000 0.0000000000 0.0000000000 0.0000000000 0.0000000000 0.0000000000 0.0000000000 0.0000000000 0.0000000000 0.0000000000 0.0000000000 0.0000000000 0.0000000000 0.0000000000 0.0000000000 0.0000000000
0.0000000000 0.0000000000 0.0000000000 0.0000999900 0.2690730927 0.6933306669 0.0372962704 0.0001999800 0.0000000000 0.0000000000 0.0000000000 0.0000000000 0.0000000000 0.0000000000 0.0000000000 0.0000000000 0.0000000000 0.0000000000 0.0000000000 0.0000000000 0.0000000000
0.0000000000 0.0000000000 0.0000000000 0.0000000000 0.0000000000 0.0182000000 0.4329000000 0.4712000000 0.0743000000 0.0033000000 0.0001000000 0.0000000000 0.0000000000 0.0000000000 0.0000000000 0.0000000000 0.0000000000 0.0000000000 0.0000000000 0.0000000000 0.0000000000
0.0000000000 0.0000000000 0.0000000000 0.0000000000 0.0000000000 0.0000000000 0.0056000000 0.1723000000 0.4877000000 0.2779000000 0.0519000000 0.0044000000 0.0002000000 0.0000000000 0.0000000000 0.0000000000 0.0000000000 0.0000000000 0.0000000000 0.0000000000 0.0000000000
0.0000000000 0.0000000000 0.0000000000 0.0000000000 0.0000000000 0.0000000000 0.0000000000 0.0052000000 0.1119000000 0.3809000000 0.3516000000 0.1257000000 0.0222000000 0.0023000000 0.0002000000 0.0000000000 0.0000000000 0.0000000000 0.0000000000 0.0000000000 0.0000000000
0.0000000000 0.0000000000 0.0000000000 0.0000000000 0.0000000000 0.0000000000 0.0000000000 0.0001000000 0.0089000000 0.1118000000 0.3320000000 0.3415000000 0.1585000000 0.0401000000 0.0063000000 0.0007000000 0.0001000000 0.0000000000 0.0000000000 0.0000000000 0.0000000000
