<?xml version="1.0" encoding="ISO-8859-1"?>

<pomdpx version ="1.0" id="sample" xmlns:xsi="http://www.w3.org/2001/XMLSchema-instance"
      xsi:noNamespaceSchemaLocation="/Users/Milad/Documents/appl-0.96/doc/POMDPX/pomdpx.xsd">

<Description>POMDP model</Description>

<Discount>0.95</Discount>

<Variable>

<StateVar vnamePrev="ps_0" vnameCurr="ps_1" fullyObs="false">
<ValueEnum>a1 a2 a3 a4 a5 a6 a7 a8 a9 a10 a11 a12 a13 a14 a15 a16 a17 a18 a19 a20 a21</ValueEnum>
</StateVar>

<ObsVar vname="measurements">
<NumValues>21</NumValues>
</ObsVar>

<ActionVar vname="action_control">
<ValueEnum>a1 a2 a3 a4 a5 a6 a7 a8 a9 a10 a11 a12 a13 a14 a15 a16 a17 a18 a19 a20 a21</ValueEnum>
</ActionVar>

<RewardVar vname="reward_agent" />
</Variable>

<InitialStateBelief>
<CondProb>
<Var>ps_0</Var>
<Parent>null</Parent>
<Parameter type = "TBL">
<Entry>
<Instance>-</Instance>
<ProbTable>0.0476190476190476 0.0476190476190476 0.0476190476190476 0.0476190476190476 0.0476190476190476 0.0476190476190476 0.0476190476190476 0.0476190476190476 0.0476190476190476 0.0476190476190476 0.0476190476190476 0.0476190476190476 0.0476190476190476 0.0476190476190476 0.0476190476190476 0.0476190476190476 0.0476190476190476 0.0476190476190476 0.0476190476190476 0.0476190476190476 0.0476190476190476</ProbTable>
</Entry>
</Parameter>
</CondProb>

</InitialStateBelief>

<StateTransitionFunction>

<CondProb>
<Var>ps_1</Var>
<Parent>action_control ps_0</Parent>
<Parameter type="TBL">
<Entry>
<Instance>a1 - -</Instance>
<ProbTable>1.0000000000 0.0000000000 0.0000000000 0.0000000000 0.0000000000 0.0000000000 0.0000000000 0.0000000000 0.0000000000 0.0000000000 0.0000000000 0.0000000000 0.0000000000 0.0000000000 0.0000000000 0.0000000000 0.0000000000 0.0000000000 0.0000000000 0.0000000000 0.0000000000
0.0000000000 0.0000000000 0.2472752725 0.7526247375 0.0000999900 0.0000000000 0.0000000000 0.0000000000 0.0000000000 0.0000000000 0.0000000000 0.0000000000 0.0000000000 0.0000000000 0.0000000000 0.0000000000 0.0000000000 0.0000000000 0.0000000000 0.0000000000 0.0000000000
0.0000000000 0.0000000000 0.0000000000 0.0000000000 0.2276227623 0.7256725673 0.0464046405 0.0003000300 0.0000000000 0.0000000000 0.0000000000 0.0000000000 0.0000000000 0.0000000000 0.0000000000 0.0000000000 0.0000000000 0.0000000000 0.0000000000 0.0000000000 0.0000000000
0.0000000000 0.0000000000 0.0000000000 0.0000000000 0.0000000000 0.0122012201 0.3757375738 0.5096509651 0.0972097210 0.0051005101 0.0001000100 0.0000000000 0.0000000000 0.0000000000 0.0000000000 0.0000000000 0.0000000000 0.0000000000 0.0000000000 0.0000000000 0.0000000000
0.0000000000 0.0000000000 0.0000000000 0.0000000000 0.0000000000 0.0000000000 0.0031003100 0.1260126013 0.4600460046 0.3280328033 0.0748074807 0.0076007601 0.0004000400 0.0000000000 0.0000000000 0.0000000000 0.0000000000 0.0000000000 0.0000000000 0.0000000000 0.0000000000
0.0000000000 0.0000000000 0.0000000000 0.0000000000 0.0000000000 0.0000000000 0.0000000000 0.0024000000 0.0721000000 0.3248000000 0.3852000000 0.1728000000 0.0376000000 0.0047000000 0.0004000000 0.0000000000 0.0000000000 0.0000000000 0.0000000000 0.0000000000 0.0000000000
0.0000000000 0.0000000000 0.0000000000 0.0000000000 0.0000000000 0.0000000000 0.0000000000 0.0000000000 0.0038000000 0.0668000000 0.2681000000 0.3620000000 0.2154000000 0.0685000000 0.0134000000 0.0018000000 0.0002000000 0.0000000000 0.0000000000 0.0000000000 0.0000000000
0.0000000000 0.0000000000 0.0000000000 0.0000000000 0.0000000000 0.0000000000 0.0000000000 0.0000000000 0.0002000000 0.0083000000 0.0838000000 0.2605000000 0.3319000000 0.2126000000 0.0795000000 0.0194000000 0.0034000000 0.0004000000 0.0000000000 0.0000000000 0.0000000000
0.0000000000 0.0000000000 0.0000000000 0.0000000000 0.0000000000 0.0000000000 0.0000000000 0.0000000000 0.0000000000 0.0009999000 0.0205979402 0.1208879112 0.2756724328 0.3014698530 0.1849815018 0.0716928307 0.0191980802 0.0037996200 0.0005999400 0.0000999900 0.0000000000
0.0000000000 0.0000000000 0.0000000000 0.0000000000 0.0000000000 0.0000000000 0.0000000000 0.0000000000 0.0000000000 0.0001000100 0.0052005201 0.0497049705 0.1769176918 0.2913291329 0.2611261126 0.1439143914 0.0536053605 0.0145014501 0.0030003000 0.0005000500 0.0001000100
0.0000000000 0.0000000000 0.0000000000 0.0000000000 0.0000000000 0.0000000000 0.0000000000 0.0000000000 0.0000000000 0.0000000000 0.0015001500 0.0213021302 0.1063106311 0.2385238524 0.2848284828 0.2050205021 0.0980098010 0.0335033503 0.0087008701 0.0018001800 0.0005000500
0.0000000000 0.0000000000 0.0000000000 0.0000000000 0.0000000000 0.0000000000 0.0000000000 0.0000000000 0.0000000000 0.0000000000 0.0005998800 0.0103979204 0.0661867626 0.1867626475 0.2757448510 0.2418516297 0.1390721856 0.0565886823 0.0172965407 0.0041991602 0.0012997401
0.0000000000 0.0000000000 0.0000000000 0.0000000000 0.0000000000 0.0000000000 0.0000000000 0.0000000000 0.0000000000 0.0000000000 0.0002999700 0.0058994101 0.0449955004 0.1493850615 0.2563743626 0.2587741226 0.1696830317 0.0780921908 0.0267973203 0.0071992801 0.0024997500
0.0000000000 0.0000000000 0.0000000000 0.0000000000 0.0000000000 0.0000000000 0.0000000000 0.0000000000 0.0000000000 0.0000000000 0.0002000000 0.0040000000 0.0341000000 0.1260000000 0.2389000000 0.2645000000 0.1890000000 0.0943000000 0.0350000000 0.0101000000 0.0039000000
0.0000000000 0.0000000000 0.0000000000 0.0000000000 0.0000000000 0.0000000000 0.0000000000 0.0000000000 0.0000000000 0.0000000000 0.0001000000 0.0032000000 0.0290000000 0.1138000000 0.2279000000 0.2656000000 0.1992000000 0.1040000000 0.0403000000 0.0121000000 0.0048000000
0.0000000000 0.0000000000 0.0000000000 0.0000000000 0.0000000000 0.0000000000 0.0000000000 0.0000000000 0.0000000000 0.0000000000 0.0001000100 0.0030003000 0.0275027503 0.1101110111 0.2243224322 0.2656265627 0.2022202220 0.1071107111 0.0420042004 0.0128012801 0.0052005201
0.0000000000 0.0000000000 0.0000000000 0.0000000000 0.0000000000 0.0000000000 0.0000000000 0.0000000000 0.0000000000 0.0000000000 0.0000999900 0.0031996800 0.0288971103 0.1134886511 0.2275772423 0.2655734427 0.1993800620 0.1042895710 0.0403959604 0.0121987801 0.0048995100
0.0000000000 0.0000000000 0.0000000000 0.0000000000 0.0000000000 0.0000000000 0.0000000000 0.0000000000 0.0000000000 0.0000000000 0.0001000100 0.0038003800 0.0329032903 0.1234123412 0.2366236624 0.2648264826 0.1912191219 0.0964096410 0.0361036104 0.0105010501 0.0041004100
0.0000000000 0.0000000000 0.0000000000 0.0000000000 0.0000000000 0.0000000000 0.0000000000 0.0000000000 0.0000000000 0.0000000000 0.0002000200 0.0050005001 0.0402040204 0.1397139714 0.2496249625 0.2617261726 0.1777177718 0.0845084508 0.0300030003 0.0083008301 0.0030003000
0.0000000000 0.0000000000 0.0000000000 0.0000000000 0.0000000000 0.0000000000 0.0000000000 0.0000000000 0.0000000000 0.0000000000 0.0003000300 0.0072007201 0.0517051705 0.1623162316 0.2643264326 0.2539253925 0.1590159016 0.0701070107 0.0231023102 0.0060006001 0.0020002000
0.0000000000 0.0000000000 0.0000000000 0.0000000000 0.0000000000 0.0000000000 0.0000000000 0.0000000000 0.0000000000 0.0000000000 0.0006000600 0.0110011001 0.0688068807 0.1908190819 0.2772277228 0.2396239624 0.1358135814 0.0545054505 0.0165016502 0.0039003900 0.0012001200
</ProbTable>
</Entry>
<Entry>
<Instance>a2 - -</Instance>
<ProbTable>1.0000000000 0.0000000000 0.0000000000 0.0000000000 0.0000000000 0.0000000000 0.0000000000 0.0000000000 0.0000000000 0.0000000000 0.0000000000 0.0000000000 0.0000000000 0.0000000000 0.0000000000 0.0000000000 0.0000000000 0.0000000000 0.0000000000 0.0000000000 0.0000000000
1.0000000000 0.0000000000 0.0000000000 0.0000000000 0.0000000000 0.0000000000 0.0000000000 0.0000000000 0.0000000000 0.0000000000 0.0000000000 0.0000000000 0.0000000000 0.0000000000 0.0000000000 0.0000000000 0.0000000000 0.0000000000 0.0000000000 0.0000000000 0.0000000000
0.0000000000 0.0000000000 0.2472752725 0.7526247375 0.0000999900 0.0000000000 0.0000000000 0.0000000000 0.0000000000 0.0000000000 0.0000000000 0.0000000000 0.0000000000 0.0000000000 0.0000000000 0.0000000000 0.0000000000 0.0000000000 0.0000000000 0.0000000000 0.0000000000
0.0000000000 0.0000000000 0.0000000000 0.0000000000 0.2276227623 0.7256725673 0.0464046405 0.0003000300 0.0000000000 0.0000000000 0.0000000000 0.0000000000 0.0000000000 0.0000000000 0.0000000000 0.0000000000 0.0000000000 0.0000000000 0.0000000000 0.0000000000 0.0000000000
0.0000000000 0.0000000000 0.0000000000 0.0000000000 0.0000000000 0.0122012201 0.3757375738 0.5096509651 0.0972097210 0.0051005101 0.0001000100 0.0000000000 0.0000000000 0.0000000000 0.0000000000 0.0000000000 0.0000000000 0.0000000000 0.0000000000 0.0000000000 0.0000000000
0.0000000000 0.0000000000 0.0000000000 0.0000000000 0.0000000000 0.0000000000 0.0031003100 0.1260126013 0.4600460046 0.3280328033 0.0748074807 0.0076007601 0.0004000400 0.0000000000 0.0000000000 0.0000000000 0.0000000000 0.0000000000 0.0000000000 0.0000000000 0.0000000000
0.0000000000 0.0000000000 0.0000000000 0.0000000000 0.0000000000 0.0000000000 0.0000000000 0.0024000000 0.0721000000 0.3248000000 0.3852000000 0.1728000000 0.0376000000 0.0047000000 0.0004000000 0.0000000000 0.0000000000 0.0000000000 0.0000000000 0.0000000000 0.0000000000
0.0000000000 0.0000000000 0.0000000000 0.0000000000 0.0000000000 0.0000000000 0.0000000000 0.0000000000 0.0038000000 0.0668000000 0.2681000000 0.3620000000 0.2154000000 0.0685000000 0.0134000000 0.0018000000 0.0002000000 0.0000000000 0.0000000000 0.0000000000 0.0000000000
0.0000000000 0.0000000000 0.0000000000 0.0000000000 0.0000000000 0.0000000000 0.0000000000 0.0000000000 0.0002000000 0.0083000000 0.0838000000 0.2605000000 0.3319000000 0.2126000000 0.0795000000 0.0194000000 0.0034000000 0.0004000000 0.0000000000 0.0000000000 0.0000000000
0.0000000000 0.0000000000 0.0000000000 0.0000000000 0.0000000000 0.0000000000 0.0000000000 0.0000000000 0.0000000000 0.0009999000 0.0205979402 0.1208879112 0.2756724328 0.3014698530 0.1849815018 0.0716928307 0.0191980802 0.0037996200 0.0005999400 0.0000999900 0.0000000000
0.0000000000 0.0000000000 0.0000000000 0.0000000000 0.0000000000 0.0000000000 0.0000000000 0.0000000000 0.0000000000 0.0001000100 0.0052005201 0.0497049705 0.1769176918 0.2913291329 0.2611261126 0.1439143914 0.0536053605 0.0145014501 0.0030003000 0.0005000500 0.0001000100
0.0000000000 0.0000000000 0.0000000000 0.0000000000 0.0000000000 0.0000000000 0.0000000000 0.0000000000 0.0000000000 0.0000000000 0.0015001500 0.0213021302 0.1063106311 0.2385238524 0.2848284828 0.2050205021 0.0980098010 0.0335033503 0.0087008701 0.0018001800 0.0005000500
0.0000000000 0.0000000000 0.0000000000 0.0000000000 0.0000000000 0.0000000000 0.0000000000 0.0000000000 0.0000000000 0.0000000000 0.0005998800 0.0103979204 0.0661867626 0.1867626475 0.2757448510 0.2418516297 0.1390721856 0.0565886823 0.0172965407 0.0041991602 0.0012997401
0.0000000000 0.0000000000 0.0000000000 0.0000000000 0.0000000000 0.0000000000 0.0000000000 0.0000000000 0.0000000000 0.0000000000 0.0002999700 0.0058994101 0.0449955004 0.1493850615 0.2563743626 0.2587741226 0.1696830317 0.0780921908 0.0267973203 0.0071992801 0.0024997500
0.0000000000 0.0000000000 0.0000000000 0.0000000000 0.0000000000 0.0000000000 0.0000000000 0.0000000000 0.0000000000 0.0000000000 0.0002000000 0.0040000000 0.0341000000 0.1260000000 0.2389000000 0.2645000000 0.1890000000 0.0943000000 0.0350000000 0.0101000000 0.0039000000
0.0000000000 0.0000000000 0.0000000000 0.0000000000 0.0000000000 0.0000000000 0.0000000000 0.0000000000 0.0000000000 0.0000000000 0.0001000000 0.0032000000 0.0290000000 0.1138000000 0.2279000000 0.2656000000 0.1992000000 0.1040000000 0.0403000000 0.0121000000 0.0048000000
0.0000000000 0.0000000000 0.0000000000 0.0000000000 0.0000000000 0.0000000000 0.0000000000 0.0000000000 0.0000000000 0.0000000000 0.0001000100 0.0030003000 0.0275027503 0.1101110111 0.2243224322 0.2656265627 0.2022202220 0.1071107111 0.0420042004 0.0128012801 0.0052005201
0.0000000000 0.0000000000 0.0000000000 0.0000000000 0.0000000000 0.0000000000 0.0000000000 0.0000000000 0.0000000000 0.0000000000 0.0000999900 0.0031996800 0.0288971103 0.1134886511 0.2275772423 0.2655734427 0.1993800620 0.1042895710 0.0403959604 0.0121987801 0.0048995100
0.0000000000 0.0000000000 0.0000000000 0.0000000000 0.0000000000 0.0000000000 0.0000000000 0.0000000000 0.0000000000 0.0000000000 0.0001000100 0.0038003800 0.0329032903 0.1234123412 0.2366236624 0.2648264826 0.1912191219 0.0964096410 0.0361036104 0.0105010501 0.0041004100
0.0000000000 0.0000000000 0.0000000000 0.0000000000 0.0000000000 0.0000000000 0.0000000000 0.0000000000 0.0000000000 0.0000000000 0.0002000200 0.0050005001 0.0402040204 0.1397139714 0.2496249625 0.2617261726 0.1777177718 0.0845084508 0.0300030003 0.0083008301 0.0030003000
0.0000000000 0.0000000000 0.0000000000 0.0000000000 0.0000000000 0.0000000000 0.0000000000 0.0000000000 0.0000000000 0.0000000000 0.0003000300 0.0072007201 0.0517051705 0.1623162316 0.2643264326 0.2539253925 0.1590159016 0.0701070107 0.0231023102 0.0060006001 0.0020002000
</ProbTable>
</Entry>
<Entry>
<Instance>a3 - -</Instance>
<ProbTable>1.0000000000 0.0000000000 0.0000000000 0.0000000000 0.0000000000 0.0000000000 0.0000000000 0.0000000000 0.0000000000 0.0000000000 0.0000000000 0.0000000000 0.0000000000 0.0000000000 0.0000000000 0.0000000000 0.0000000000 0.0000000000 0.0000000000 0.0000000000 0.0000000000
1.0000000000 0.0000000000 0.0000000000 0.0000000000 0.0000000000 0.0000000000 0.0000000000 0.0000000000 0.0000000000 0.0000000000 0.0000000000 0.0000000000 0.0000000000 0.0000000000 0.0000000000 0.0000000000 0.0000000000 0.0000000000 0.0000000000 0.0000000000 0.0000000000
1.0000000000 0.0000000000 0.0000000000 0.0000000000 0.0000000000 0.0000000000 0.0000000000 0.0000000000 0.0000000000 0.0000000000 0.0000000000 0.0000000000 0.0000000000 0.0000000000 0.0000000000 0.0000000000 0.0000000000 0.0000000000 0.0000000000 0.0000000000 0.0000000000
0.0000000000 0.0000000000 0.2472752725 0.7526247375 0.0000999900 0.0000000000 0.0000000000 0.0000000000 0.0000000000 0.0000000000 0.0000000000 0.0000000000 0.0000000000 0.0000000000 0.0000000000 0.0000000000 0.0000000000 0.0000000000 0.0000000000 0.0000000000 0.0000000000
0.0000000000 0.0000000000 0.0000000000 0.0000000000 0.2276227623 0.7256725673 0.0464046405 0.0003000300 0.0000000000 0.0000000000 0.0000000000 0.0000000000 0.0000000000 0.0000000000 0.0000000000 0.0000000000 0.0000000000 0.0000000000 0.0000000000 0.0000000000 0.0000000000
0.0000000000 0.0000000000 0.0000000000 0.0000000000 0.0000000000 0.0122012201 0.3757375738 0.5096509651 0.0972097210 0.0051005101 0.0001000100 0.0000000000 0.0000000000 0.0000000000 0.0000000000 0.0000000000 0.0000000000 0.0000000000 0.0000000000 0.0000000000 0.0000000000
0.0000000000 0.0000000000 0.0000000000 0.0000000000 0.0000000000 0.0000000000 0.0031003100 0.1260126013 0.4600460046 0.3280328033 0.0748074807 0.0076007601 0.0004000400 0.0000000000 0.0000000000 0.0000000000 0.0000000000 0.0000000000 0.0000000000 0.0000000000 0.0000000000
0.0000000000 0.0000000000 0.0000000000 0.0000000000 0.0000000000 0.0000000000 0.0000000000 0.0024000000 0.0721000000 0.3248000000 0.3852000000 0.1728000000 0.0376000000 0.0047000000 0.0004000000 0.0000000000 0.0000000000 0.0000000000 0.0000000000 0.0000000000 0.0000000000
0.0000000000 0.0000000000 0.0000000000 0.0000000000 0.0000000000 0.0000000000 0.0000000000 0.0000000000 0.0038000000 0.0668000000 0.2681000000 0.3620000000 0.2154000000 0.0685000000 0.0134000000 0.0018000000 0.0002000000 0.0000000000 0.0000000000 0.0000000000 0.0000000000
0.0000000000 0.0000000000 0.0000000000 0.0000000000 0.0000000000 0.0000000000 0.0000000000 0.0000000000 0.0002000000 0.0083000000 0.0838000000 0.2605000000 0.3319000000 0.2126000000 0.0795000000 0.0194000000 0.0034000000 0.0004000000 0.0000000000 0.0000000000 0.0000000000
0.0000000000 0.0000000000 0.0000000000 0.0000000000 0.0000000000 0.0000000000 0.0000000000 0.0000000000 0.0000000000 0.0009999000 0.0205979402 0.1208879112 0.2756724328 0.3014698530 0.1849815018 0.0716928307 0.0191980802 0.0037996200 0.0005999400 0.0000999900 0.0000000000
0.0000000000 0.0000000000 0.0000000000 0.0000000000 0.0000000000 0.0000000000 0.0000000000 0.0000000000 0.0000000000 0.0001000100 0.0052005201 0.0497049705 0.1769176918 0.2913291329 0.2611261126 0.1439143914 0.0536053605 0.0145014501 0.0030003000 0.0005000500 0.0001000100
0.0000000000 0.0000000000 0.0000000000 0.0000000000 0.0000000000 0.0000000000 0.0000000000 0.0000000000 0.0000000000 0.0000000000 0.0015001500 0.0213021302 0.1063106311 0.2385238524 0.2848284828 0.2050205021 0.0980098010 0.0335033503 0.0087008701 0.0018001800 0.0005000500
0.0000000000 0.0000000000 0.0000000000 0.0000000000 0.0000000000 0.0000000000 0.0000000000 0.0000000000 0.0000000000 0.0000000000 0.0005998800 0.0103979204 0.0661867626 0.1867626475 0.2757448510 0.2418516297 0.1390721856 0.0565886823 0.0172965407 0.0041991602 0.0012997401
0.0000000000 0.0000000000 0.0000000000 0.0000000000 0.0000000000 0.0000000000 0.0000000000 0.0000000000 0.0000000000 0.0000000000 0.0002999700 0.0058994101 0.0449955004 0.1493850615 0.2563743626 0.2587741226 0.1696830317 0.0780921908 0.0267973203 0.0071992801 0.0024997500
0.0000000000 0.0000000000 0.0000000000 0.0000000000 0.0000000000 0.0000000000 0.0000000000 0.0000000000 0.0000000000 0.0000000000 0.0002000000 0.0040000000 0.0341000000 0.1260000000 0.2389000000 0.2645000000 0.1890000000 0.0943000000 0.0350000000 0.0101000000 0.0039000000
0.0000000000 0.0000000000 0.0000000000 0.0000000000 0.0000000000 0.0000000000 0.0000000000 0.0000000000 0.0000000000 0.0000000000 0.0001000000 0.0032000000 0.0290000000 0.1138000000 0.2279000000 0.2656000000 0.1992000000 0.1040000000 0.0403000000 0.0121000000 0.0048000000
0.0000000000 0.0000000000 0.0000000000 0.0000000000 0.0000000000 0.0000000000 0.0000000000 0.0000000000 0.0000000000 0.0000000000 0.0001000100 0.0030003000 0.0275027503 0.1101110111 0.2243224322 0.2656265627 0.2022202220 0.1071107111 0.0420042004 0.0128012801 0.0052005201
0.0000000000 0.0000000000 0.0000000000 0.0000000000 0.0000000000 0.0000000000 0.0000000000 0.0000000000 0.0000000000 0.0000000000 0.0000999900 0.0031996800 0.0288971103 0.1134886511 0.2275772423 0.2655734427 0.1993800620 0.1042895710 0.0403959604 0.0121987801 0.0048995100
0.0000000000 0.0000000000 0.0000000000 0.0000000000 0.0000000000 0.0000000000 0.0000000000 0.0000000000 0.0000000000 0.0000000000 0.0001000100 0.0038003800 0.0329032903 0.1234123412 0.2366236624 0.2648264826 0.1912191219 0.0964096410 0.0361036104 0.0105010501 0.0041004100
0.0000000000 0.0000000000 0.0000000000 0.0000000000 0.0000000000 0.0000000000 0.0000000000 0.0000000000 0.0000000000 0.0000000000 0.0002000200 0.0050005001 0.0402040204 0.1397139714 0.2496249625 0.2617261726 0.1777177718 0.0845084508 0.0300030003 0.0083008301 0.0030003000
</ProbTable>
</Entry>
<Entry>
<Instance>a4 - -</Instance>
<ProbTable>1.0000000000 0.0000000000 0.0000000000 0.0000000000 0.0000000000 0.0000000000 0.0000000000 0.0000000000 0.0000000000 0.0000000000 0.0000000000 0.0000000000 0.0000000000 0.0000000000 0.0000000000 0.0000000000 0.0000000000 0.0000000000 0.0000000000 0.0000000000 0.0000000000
1.0000000000 0.0000000000 0.0000000000 0.0000000000 0.0000000000 0.0000000000 0.0000000000 0.0000000000 0.0000000000 0.0000000000 0.0000000000 0.0000000000 0.0000000000 0.0000000000 0.0000000000 0.0000000000 0.0000000000 0.0000000000 0.0000000000 0.0000000000 0.0000000000
1.0000000000 0.0000000000 0.0000000000 0.0000000000 0.0000000000 0.0000000000 0.0000000000 0.0000000000 0.0000000000 0.0000000000 0.0000000000 0.0000000000 0.0000000000 0.0000000000 0.0000000000 0.0000000000 0.0000000000 0.0000000000 0.0000000000 0.0000000000 0.0000000000
1.0000000000 0.0000000000 0.0000000000 0.0000000000 0.0000000000 0.0000000000 0.0000000000 0.0000000000 0.0000000000 0.0000000000 0.0000000000 0.0000000000 0.0000000000 0.0000000000 0.0000000000 0.0000000000 0.0000000000 0.0000000000 0.0000000000 0.0000000000 0.0000000000
0.0000000000 0.0000000000 0.2472752725 0.7526247375 0.0000999900 0.0000000000 0.0000000000 0.0000000000 0.0000000000 0.0000000000 0.0000000000 0.0000000000 0.0000000000 0.0000000000 0.0000000000 0.0000000000 0.0000000000 0.0000000000 0.0000000000 0.0000000000 0.0000000000
0.0000000000 0.0000000000 0.0000000000 0.0000000000 0.2276227623 0.7256725673 0.0464046405 0.0003000300 0.0000000000 0.0000000000 0.0000000000 0.0000000000 0.0000000000 0.0000000000 0.0000000000 0.0000000000 0.0000000000 0.0000000000 0.0000000000 0.0000000000 0.0000000000
0.0000000000 0.0000000000 0.0000000000 0.0000000000 0.0000000000 0.0122012201 0.3757375738 0.5096509651 0.0972097210 0.0051005101 0.0001000100 0.0000000000 0.0000000000 0.0000000000 0.0000000000 0.0000000000 0.0000000000 0.0000000000 0.0000000000 0.0000000000 0.0000000000
0.0000000000 0.0000000000 0.0000000000 0.0000000000 0.0000000000 0.0000000000 0.0031003100 0.1260126013 0.4600460046 0.3280328033 0.0748074807 0.0076007601 0.0004000400 0.0000000000 0.0000000000 0.0000000000 0.0000000000 0.0000000000 0.0000000000 0.0000000000 0.0000000000
0.0000000000 0.0000000000 0.0000000000 0.0000000000 0.0000000000 0.0000000000 0.0000000000 0.0024000000 0.0721000000 0.3248000000 0.3852000000 0.1728000000 0.0376000000 0.0047000000 0.0004000000 0.0000000000 0.0000000000 0.0000000000 0.0000000000 0.0000000000 0.0000000000
0.0000000000 0.0000000000 0.0000000000 0.0000000000 0.0000000000 0.0000000000 0.0000000000 0.0000000000 0.0038000000 0.0668000000 0.2681000000 0.3620000000 0.2154000000 0.0685000000 0.0134000000 0.0018000000 0.0002000000 0.0000000000 0.0000000000 0.0000000000 0.0000000000
0.0000000000 0.0000000000 0.0000000000 0.0000000000 0.0000000000 0.0000000000 0.0000000000 0.0000000000 0.0002000000 0.0083000000 0.0838000000 0.2605000000 0.3319000000 0.2126000000 0.0795000000 0.0194000000 0.0034000000 0.0004000000 0.0000000000 0.0000000000 0.0000000000
0.0000000000 0.0000000000 0.0000000000 0.0000000000 0.0000000000 0.0000000000 0.0000000000 0.0000000000 0.0000000000 0.0009999000 0.0205979402 0.1208879112 0.2756724328 0.3014698530 0.1849815018 0.0716928307 0.0191980802 0.0037996200 0.0005999400 0.0000999900 0.0000000000
0.0000000000 0.0000000000 0.0000000000 0.0000000000 0.0000000000 0.0000000000 0.0000000000 0.0000000000 0.0000000000 0.0001000100 0.0052005201 0.0497049705 0.1769176918 0.2913291329 0.2611261126 0.1439143914 0.0536053605 0.0145014501 0.0030003000 0.0005000500 0.0001000100
0.0000000000 0.0000000000 0.0000000000 0.0000000000 0.0000000000 0.0000000000 0.0000000000 0.0000000000 0.0000000000 0.0000000000 0.0015001500 0.0213021302 0.1063106311 0.2385238524 0.2848284828 0.2050205021 0.0980098010 0.0335033503 0.0087008701 0.0018001800 0.0005000500
0.0000000000 0.0000000000 0.0000000000 0.0000000000 0.0000000000 0.0000000000 0.0000000000 0.0000000000 0.0000000000 0.0000000000 0.0005998800 0.0103979204 0.0661867626 0.1867626475 0.2757448510 0.2418516297 0.1390721856 0.0565886823 0.0172965407 0.0041991602 0.0012997401
0.0000000000 0.0000000000 0.0000000000 0.0000000000 0.0000000000 0.0000000000 0.0000000000 0.0000000000 0.0000000000 0.0000000000 0.0002999700 0.0058994101 0.0449955004 0.1493850615 0.2563743626 0.2587741226 0.1696830317 0.0780921908 0.0267973203 0.0071992801 0.0024997500
0.0000000000 0.0000000000 0.0000000000 0.0000000000 0.0000000000 0.0000000000 0.0000000000 0.0000000000 0.0000000000 0.0000000000 0.0002000000 0.0040000000 0.0341000000 0.1260000000 0.2389000000 0.2645000000 0.1890000000 0.0943000000 0.0350000000 0.0101000000 0.0039000000
0.0000000000 0.0000000000 0.0000000000 0.0000000000 0.0000000000 0.0000000000 0.0000000000 0.0000000000 0.0000000000 0.0000000000 0.0001000000 0.0032000000 0.0290000000 0.1138000000 0.2279000000 0.2656000000 0.1992000000 0.1040000000 0.0403000000 0.0121000000 0.0048000000
0.0000000000 0.0000000000 0.0000000000 0.0000000000 0.0000000000 0.0000000000 0.0000000000 0.0000000000 0.0000000000 0.0000000000 0.0001000100 0.0030003000 0.0275027503 0.1101110111 0.2243224322 0.2656265627 0.2022202220 0.1071107111 0.0420042004 0.0128012801 0.0052005201
0.0000000000 0.0000000000 0.0000000000 0.0000000000 0.0000000000 0.0000000000 0.0000000000 0.0000000000 0.0000000000 0.0000000000 0.0000999900 0.0031996800 0.0288971103 0.1134886511 0.2275772423 0.2655734427 0.1993800620 0.1042895710 0.0403959604 0.0121987801 0.0048995100
0.0000000000 0.0000000000 0.0000000000 0.0000000000 0.0000000000 0.0000000000 0.0000000000 0.0000000000 0.0000000000 0.0000000000 0.0001000100 0.0038003800 0.0329032903 0.1234123412 0.2366236624 0.2648264826 0.1912191219 0.0964096410 0.0361036104 0.0105010501 0.0041004100
</ProbTable>
</Entry>
<Entry>
<Instance>a5 - -</Instance>
<ProbTable>1.0000000000 0.0000000000 0.0000000000 0.0000000000 0.0000000000 0.0000000000 0.0000000000 0.0000000000 0.0000000000 0.0000000000 0.0000000000 0.0000000000 0.0000000000 0.0000000000 0.0000000000 0.0000000000 0.0000000000 0.0000000000 0.0000000000 0.0000000000 0.0000000000
1.0000000000 0.0000000000 0.0000000000 0.0000000000 0.0000000000 0.0000000000 0.0000000000 0.0000000000 0.0000000000 0.0000000000 0.0000000000 0.0000000000 0.0000000000 0.0000000000 0.0000000000 0.0000000000 0.0000000000 0.0000000000 0.0000000000 0.0000000000 0.0000000000
1.0000000000 0.0000000000 0.0000000000 0.0000000000 0.0000000000 0.0000000000 0.0000000000 0.0000000000 0.0000000000 0.0000000000 0.0000000000 0.0000000000 0.0000000000 0.0000000000 0.0000000000 0.0000000000 0.0000000000 0.0000000000 0.0000000000 0.0000000000 0.0000000000
1.0000000000 0.0000000000 0.0000000000 0.0000000000 0.0000000000 0.0000000000 0.0000000000 0.0000000000 0.0000000000 0.0000000000 0.0000000000 0.0000000000 0.0000000000 0.0000000000 0.0000000000 0.0000000000 0.0000000000 0.0000000000 0.0000000000 0.0000000000 0.0000000000
1.0000000000 0.0000000000 0.0000000000 0.0000000000 0.0000000000 0.0000000000 0.0000000000 0.0000000000 0.0000000000 0.0000000000 0.0000000000 0.0000000000 0.0000000000 0.0000000000 0.0000000000 0.0000000000 0.0000000000 0.0000000000 0.0000000000 0.0000000000 0.0000000000
0.0000000000 0.0000000000 0.2472752725 0.7526247375 0.0000999900 0.0000000000 0.0000000000 0.0000000000 0.0000000000 0.0000000000 0.0000000000 0.0000000000 0.0000000000 0.0000000000 0.0000000000 0.0000000000 0.0000000000 0.0000000000 0.0000000000 0.0000000000 0.0000000000
0.0000000000 0.0000000000 0.0000000000 0.0000000000 0.2276227623 0.7256725673 0.0464046405 0.0003000300 0.0000000000 0.0000000000 0.0000000000 0.0000000000 0.0000000000 0.0000000000 0.0000000000 0.0000000000 0.0000000000 0.0000000000 0.0000000000 0.0000000000 0.0000000000
0.0000000000 0.0000000000 0.0000000000 0.0000000000 0.0000000000 0.0122012201 0.3757375738 0.5096509651 0.0972097210 0.0051005101 0.0001000100 0.0000000000 0.0000000000 0.0000000000 0.0000000000 0.0000000000 0.0000000000 0.0000000000 0.0000000000 0.0000000000 0.0000000000
0.0000000000 0.0000000000 0.0000000000 0.0000000000 0.0000000000 0.0000000000 0.0031003100 0.1260126013 0.4600460046 0.3280328033 0.0748074807 0.0076007601 0.0004000400 0.0000000000 0.0000000000 0.0000000000 0.0000000000 0.0000000000 0.0000000000 0.0000000000 0.0000000000
0.0000000000 0.0000000000 0.0000000000 0.0000000000 0.0000000000 0.0000000000 0.0000000000 0.0024000000 0.0721000000 0.3248000000 0.3852000000 0.1728000000 0.0376000000 0.0047000000 0.0004000000 0.0000000000 0.0000000000 0.0000000000 0.0000000000 0.0000000000 0.0000000000
0.0000000000 0.0000000000 0.0000000000 0.0000000000 0.0000000000 0.0000000000 0.0000000000 0.0000000000 0.0038000000 0.0668000000 0.2681000000 0.3620000000 0.2154000000 0.0685000000 0.0134000000 0.0018000000 0.0002000000 0.0000000000 0.0000000000 0.0000000000 0.0000000000
0.0000000000 0.0000000000 0.0000000000 0.0000000000 0.0000000000 0.0000000000 0.0000000000 0.0000000000 0.0002000000 0.0083000000 0.0838000000 0.2605000000 0.3319000000 0.2126000000 0.0795000000 0.0194000000 0.0034000000 0.0004000000 0.0000000000 0.0000000000 0.0000000000
0.0000000000 0.0000000000 0.0000000000 0.0000000000 0.0000000000 0.0000000000 0.0000000000 0.0000000000 0.0000000000 0.0009999000 0.0205979402 0.1208879112 0.2756724328 0.3014698530 0.1849815018 0.0716928307 0.0191980802 0.0037996200 0.0005999400 0.0000999900 0.0000000000
0.0000000000 0.0000000000 0.0000000000 0.0000000000 0.0000000000 0.0000000000 0.0000000000 0.0000000000 0.0000000000 0.0001000100 0.0052005201 0.0497049705 0.1769176918 0.2913291329 0.2611261126 0.1439143914 0.0536053605 0.0145014501 0.0030003000 0.0005000500 0.0001000100
0.0000000000 0.0000000000 0.0000000000 0.0000000000 0.0000000000 0.0000000000 0.0000000000 0.0000000000 0.0000000000 0.0000000000 0.0015001500 0.0213021302 0.1063106311 0.2385238524 0.2848284828 0.2050205021 0.0980098010 0.0335033503 0.0087008701 0.0018001800 0.0005000500
0.0000000000 0.0000000000 0.0000000000 0.0000000000 0.0000000000 0.0000000000 0.0000000000 0.0000000000 0.0000000000 0.0000000000 0.0005998800 0.0103979204 0.0661867626 0.1867626475 0.2757448510 0.2418516297 0.1390721856 0.0565886823 0.0172965407 0.0041991602 0.0012997401
0.0000000000 0.0000000000 0.0000000000 0.0000000000 0.0000000000 0.0000000000 0.0000000000 0.0000000000 0.0000000000 0.0000000000 0.0002999700 0.0058994101 0.0449955004 0.1493850615 0.2563743626 0.2587741226 0.1696830317 0.0780921908 0.0267973203 0.0071992801 0.0024997500
0.0000000000 0.0000000000 0.0000000000 0.0000000000 0.0000000000 0.0000000000 0.0000000000 0.0000000000 0.0000000000 0.0000000000 0.0002000000 0.0040000000 0.0341000000 0.1260000000 0.2389000000 0.2645000000 0.1890000000 0.0943000000 0.0350000000 0.0101000000 0.0039000000
0.0000000000 0.0000000000 0.0000000000 0.0000000000 0.0000000000 0.0000000000 0.0000000000 0.0000000000 0.0000000000 0.0000000000 0.0001000000 0.0032000000 0.0290000000 0.1138000000 0.2279000000 0.2656000000 0.1992000000 0.1040000000 0.0403000000 0.0121000000 0.0048000000
0.0000000000 0.0000000000 0.0000000000 0.0000000000 0.0000000000 0.0000000000 0.0000000000 0.0000000000 0.0000000000 0.0000000000 0.0001000100 0.0030003000 0.0275027503 0.1101110111 0.2243224322 0.2656265627 0.2022202220 0.1071107111 0.0420042004 0.0128012801 0.0052005201
0.0000000000 0.0000000000 0.0000000000 0.0000000000 0.0000000000 0.0000000000 0.0000000000 0.0000000000 0.0000000000 0.0000000000 0.0000999900 0.0031996800 0.0288971103 0.1134886511 0.2275772423 0.2655734427 0.1993800620 0.1042895710 0.0403959604 0.0121987801 0.0048995100
</ProbTable>
</Entry>
<Entry>
<Instance>a6 - -</Instance>
<ProbTable>1.0000000000 0.0000000000 0.0000000000 0.0000000000 0.0000000000 0.0000000000 0.0000000000 0.0000000000 0.0000000000 0.0000000000 0.0000000000 0.0000000000 0.0000000000 0.0000000000 0.0000000000 0.0000000000 0.0000000000 0.0000000000 0.0000000000 0.0000000000 0.0000000000
1.0000000000 0.0000000000 0.0000000000 0.0000000000 0.0000000000 0.0000000000 0.0000000000 0.0000000000 0.0000000000 0.0000000000 0.0000000000 0.0000000000 0.0000000000 0.0000000000 0.0000000000 0.0000000000 0.0000000000 0.0000000000 0.0000000000 0.0000000000 0.0000000000
1.0000000000 0.0000000000 0.0000000000 0.0000000000 0.0000000000 0.0000000000 0.0000000000 0.0000000000 0.0000000000 0.0000000000 0.0000000000 0.0000000000 0.0000000000 0.0000000000 0.0000000000 0.0000000000 0.0000000000 0.0000000000 0.0000000000 0.0000000000 0.0000000000
1.0000000000 0.0000000000 0.0000000000 0.0000000000 0.0000000000 0.0000000000 0.0000000000 0.0000000000 0.0000000000 0.0000000000 0.0000000000 0.0000000000 0.0000000000 0.0000000000 0.0000000000 0.0000000000 0.0000000000 0.0000000000 0.0000000000 0.0000000000 0.0000000000
1.0000000000 0.0000000000 0.0000000000 0.0000000000 0.0000000000 0.0000000000 0.0000000000 0.0000000000 0.0000000000 0.0000000000 0.0000000000 0.0000000000 0.0000000000 0.0000000000 0.0000000000 0.0000000000 0.0000000000 0.0000000000 0.0000000000 0.0000000000 0.0000000000
1.0000000000 0.0000000000 0.0000000000 0.0000000000 0.0000000000 0.0000000000 0.0000000000 0.0000000000 0.0000000000 0.0000000000 0.0000000000 0.0000000000 0.0000000000 0.0000000000 0.0000000000 0.0000000000 0.0000000000 0.0000000000 0.0000000000 0.0000000000 0.0000000000
0.0000000000 0.0000000000 0.2472752725 0.7526247375 0.0000999900 0.0000000000 0.0000000000 0.0000000000 0.0000000000 0.0000000000 0.0000000000 0.0000000000 0.0000000000 0.0000000000 0.0000000000 0.0000000000 0.0000000000 0.0000000000 0.0000000000 0.0000000000 0.0000000000
0.0000000000 0.0000000000 0.0000000000 0.0000000000 0.2276227623 0.7256725673 0.0464046405 0.0003000300 0.0000000000 0.0000000000 0.0000000000 0.0000000000 0.0000000000 0.0000000000 0.0000000000 0.0000000000 0.0000000000 0.0000000000 0.0000000000 0.0000000000 0.0000000000
0.0000000000 0.0000000000 0.0000000000 0.0000000000 0.0000000000 0.0122012201 0.3757375738 0.5096509651 0.0972097210 0.0051005101 0.0001000100 0.0000000000 0.0000000000 0.0000000000 0.0000000000 0.0000000000 0.0000000000 0.0000000000 0.0000000000 0.0000000000 0.0000000000
0.0000000000 0.0000000000 0.0000000000 0.0000000000 0.0000000000 0.0000000000 0.0031003100 0.1260126013 0.4600460046 0.3280328033 0.0748074807 0.0076007601 0.0004000400 0.0000000000 0.0000000000 0.0000000000 0.0000000000 0.0000000000 0.0000000000 0.0000000000 0.0000000000
0.0000000000 0.0000000000 0.0000000000 0.0000000000 0.0000000000 0.0000000000 0.0000000000 0.0024000000 0.0721000000 0.3248000000 0.3852000000 0.1728000000 0.0376000000 0.0047000000 0.0004000000 0.0000000000 0.0000000000 0.0000000000 0.0000000000 0.0000000000 0.0000000000
0.0000000000 0.0000000000 0.0000000000 0.0000000000 0.0000000000 0.0000000000 0.0000000000 0.0000000000 0.0038000000 0.0668000000 0.2681000000 0.3620000000 0.2154000000 0.0685000000 0.0134000000 0.0018000000 0.0002000000 0.0000000000 0.0000000000 0.0000000000 0.0000000000
0.0000000000 0.0000000000 0.0000000000 0.0000000000 0.0000000000 0.0000000000 0.0000000000 0.0000000000 0.0002000000 0.0083000000 0.0838000000 0.2605000000 0.3319000000 0.2126000000 0.0795000000 0.0194000000 0.0034000000 0.0004000000 0.0000000000 0.0000000000 0.0000000000
0.0000000000 0.0000000000 0.0000000000 0.0000000000 0.0000000000 0.0000000000 0.0000000000 0.0000000000 0.0000000000 0.0009999000 0.0205979402 0.1208879112 0.2756724328 0.3014698530 0.1849815018 0.0716928307 0.0191980802 0.0037996200 0.0005999400 0.0000999900 0.0000000000
0.0000000000 0.0000000000 0.0000000000 0.0000000000 0.0000000000 0.0000000000 0.0000000000 0.0000000000 0.0000000000 0.0001000100 0.0052005201 0.0497049705 0.1769176918 0.2913291329 0.2611261126 0.1439143914 0.0536053605 0.0145014501 0.0030003000 0.0005000500 0.0001000100
0.0000000000 0.0000000000 0.0000000000 0.0000000000 0.0000000000 0.0000000000 0.0000000000 0.0000000000 0.0000000000 0.0000000000 0.0015001500 0.0213021302 0.1063106311 0.2385238524 0.2848284828 0.2050205021 0.0980098010 0.0335033503 0.0087008701 0.0018001800 0.0005000500
0.0000000000 0.0000000000 0.0000000000 0.0000000000 0.0000000000 0.0000000000 0.0000000000 0.0000000000 0.0000000000 0.0000000000 0.0005998800 0.0103979204 0.0661867626 0.1867626475 0.2757448510 0.2418516297 0.1390721856 0.0565886823 0.0172965407 0.0041991602 0.0012997401
0.0000000000 0.0000000000 0.0000000000 0.0000000000 0.0000000000 0.0000000000 0.0000000000 0.0000000000 0.0000000000 0.0000000000 0.0002999700 0.0058994101 0.0449955004 0.1493850615 0.2563743626 0.2587741226 0.1696830317 0.0780921908 0.0267973203 0.0071992801 0.0024997500
0.0000000000 0.0000000000 0.0000000000 0.0000000000 0.0000000000 0.0000000000 0.0000000000 0.0000000000 0.0000000000 0.0000000000 0.0002000000 0.0040000000 0.0341000000 0.1260000000 0.2389000000 0.2645000000 0.1890000000 0.0943000000 0.0350000000 0.0101000000 0.0039000000
0.0000000000 0.0000000000 0.0000000000 0.0000000000 0.0000000000 0.0000000000 0.0000000000 0.0000000000 0.0000000000 0.0000000000 0.0001000000 0.0032000000 0.0290000000 0.1138000000 0.2279000000 0.2656000000 0.1992000000 0.1040000000 0.0403000000 0.0121000000 0.0048000000
0.0000000000 0.0000000000 0.0000000000 0.0000000000 0.0000000000 0.0000000000 0.0000000000 0.0000000000 0.0000000000 0.0000000000 0.0001000100 0.0030003000 0.0275027503 0.1101110111 0.2243224322 0.2656265627 0.2022202220 0.1071107111 0.0420042004 0.0128012801 0.0052005201
</ProbTable>
</Entry>
<Entry>
<Instance>a7 - -</Instance>
<ProbTable>1.0000000000 0.0000000000 0.0000000000 0.0000000000 0.0000000000 0.0000000000 0.0000000000 0.0000000000 0.0000000000 0.0000000000 0.0000000000 0.0000000000 0.0000000000 0.0000000000 0.0000000000 0.0000000000 0.0000000000 0.0000000000 0.0000000000 0.0000000000 0.0000000000
1.0000000000 0.0000000000 0.0000000000 0.0000000000 0.0000000000 0.0000000000 0.0000000000 0.0000000000 0.0000000000 0.0000000000 0.0000000000 0.0000000000 0.0000000000 0.0000000000 0.0000000000 0.0000000000 0.0000000000 0.0000000000 0.0000000000 0.0000000000 0.0000000000
1.0000000000 0.0000000000 0.0000000000 0.0000000000 0.0000000000 0.0000000000 0.0000000000 0.0000000000 0.0000000000 0.0000000000 0.0000000000 0.0000000000 0.0000000000 0.0000000000 0.0000000000 0.0000000000 0.0000000000 0.0000000000 0.0000000000 0.0000000000 0.0000000000
1.0000000000 0.0000000000 0.0000000000 0.0000000000 0.0000000000 0.0000000000 0.0000000000 0.0000000000 0.0000000000 0.0000000000 0.0000000000 0.0000000000 0.0000000000 0.0000000000 0.0000000000 0.0000000000 0.0000000000 0.0000000000 0.0000000000 0.0000000000 0.0000000000
1.0000000000 0.0000000000 0.0000000000 0.0000000000 0.0000000000 0.0000000000 0.0000000000 0.0000000000 0.0000000000 0.0000000000 0.0000000000 0.0000000000 0.0000000000 0.0000000000 0.0000000000 0.0000000000 0.0000000000 0.0000000000 0.0000000000 0.0000000000 0.0000000000
1.0000000000 0.0000000000 0.0000000000 0.0000000000 0.0000000000 0.0000000000 0.0000000000 0.0000000000 0.0000000000 0.0000000000 0.0000000000 0.0000000000 0.0000000000 0.0000000000 0.0000000000 0.0000000000 0.0000000000 0.0000000000 0.0000000000 0.0000000000 0.0000000000
1.0000000000 0.0000000000 0.0000000000 0.0000000000 0.0000000000 0.0000000000 0.0000000000 0.0000000000 0.0000000000 0.0000000000 0.0000000000 0.0000000000 0.0000000000 0.0000000000 0.0000000000 0.0000000000 0.0000000000 0.0000000000 0.0000000000 0.0000000000 0.0000000000
0.0000000000 0.0000000000 0.2472752725 0.7526247375 0.0000999900 0.0000000000 0.0000000000 0.0000000000 0.0000000000 0.0000000000 0.0000000000 0.0000000000 0.0000000000 0.0000000000 0.0000000000 0.0000000000 0.0000000000 0.0000000000 0.0000000000 0.0000000000 0.0000000000
0.0000000000 0.0000000000 0.0000000000 0.0000000000 0.2276227623 0.7256725673 0.0464046405 0.0003000300 0.0000000000 0.0000000000 0.0000000000 0.0000000000 0.0000000000 0.0000000000 0.0000000000 0.0000000000 0.0000000000 0.0000000000 0.0000000000 0.0000000000 0.0000000000
0.0000000000 0.0000000000 0.0000000000 0.0000000000 0.0000000000 0.0122012201 0.3757375738 0.5096509651 0.0972097210 0.0051005101 0.0001000100 0.0000000000 0.0000000000 0.0000000000 0.0000000000 0.0000000000 0.0000000000 0.0000000000 0.0000000000 0.0000000000 0.0000000000
0.0000000000 0.0000000000 0.0000000000 0.0000000000 0.0000000000 0.0000000000 0.0031003100 0.1260126013 0.4600460046 0.3280328033 0.0748074807 0.0076007601 0.0004000400 0.0000000000 0.0000000000 0.0000000000 0.0000000000 0.0000000000 0.0000000000 0.0000000000 0.0000000000
0.0000000000 0.0000000000 0.0000000000 0.0000000000 0.0000000000 0.0000000000 0.0000000000 0.0024000000 0.0721000000 0.3248000000 0.3852000000 0.1728000000 0.0376000000 0.0047000000 0.0004000000 0.0000000000 0.0000000000 0.0000000000 0.0000000000 0.0000000000 0.0000000000
0.0000000000 0.0000000000 0.0000000000 0.0000000000 0.0000000000 0.0000000000 0.0000000000 0.0000000000 0.0038000000 0.0668000000 0.2681000000 0.3620000000 0.2154000000 0.0685000000 0.0134000000 0.0018000000 0.0002000000 0.0000000000 0.0000000000 0.0000000000 0.0000000000
