<?xml version="1.0" encoding="ISO-8859-1"?>

<pomdpx version ="1.0" id="sample" xmlns:xsi="http://www.w3.org/2001/XMLSchema-instance"
      xsi:noNamespaceSchemaLocation="/Users/Milad/Documents/appl-0.96/doc/POMDPX/pomdpx.xsd">

<Description>POMDP model</Description>

<Discount>0.95</Discount>

<Variable>

<StateVar vnamePrev="ps_0" vnameCurr="ps_1" fullyObs="false">
<ValueEnum>a1 a2 a3 a4 a5 a6 a7 a8 a9 a10 a11 a12 a13 a14 a15 a16 a17 a18 a19 a20 a21</ValueEnum>
</StateVar>

<ObsVar vname="measurements">
<NumValues>21</NumValues>
</ObsVar>

<ActionVar vname="action_control">
<ValueEnum>a1 a2 a3 a4 a5 a6 a7 a8 a9 a10 a11 a12 a13 a14 a15 a16 a17 a18 a19 a20 a21</ValueEnum>
</ActionVar>

<RewardVar vname="reward_agent" />
</Variable>

<InitialStateBelief>
<CondProb>
<Var>ps_0</Var>
<Parent>null</Parent>
<Parameter type = "TBL">
<Entry>
<Instance>-</Instance>
<ProbTable>0.0476190476190476 0.0476190476190476 0.0476190476190476 0.0476190476190476 0.0476190476190476 0.0476190476190476 0.0476190476190476 0.0476190476190476 0.0476190476190476 0.0476190476190476 0.0476190476190476 0.0476190476190476 0.0476190476190476 0.0476190476190476 0.0476190476190476 0.0476190476190476 0.0476190476190476 0.0476190476190476 0.0476190476190476 0.0476190476190476 0.0476190476190476</ProbTable>
</Entry>
</Parameter>
</CondProb>

</InitialStateBelief>

<StateTransitionFunction>

<CondProb>
<Var>ps_1</Var>
<Parent>action_control ps_0</Parent>
<Parameter type="TBL">
<Entry>
<Instance>a1 - -</Instance>
<ProbTable>1.0000000000 0.0000000000 0.0000000000 0.0000000000 0.0000000000 0.0000000000 0.0000000000 0.0000000000 0.0000000000 0.0000000000 0.0000000000 0.0000000000 0.0000000000 0.0000000000 0.0000000000 0.0000000000 0.0000000000 0.0000000000 0.0000000000 0.0000000000 0.0000000000
0.0000000000 0.0000000000 0.3323667633 0.6675332467 0.0000999900 0.0000000000 0.0000000000 0.0000000000 0.0000000000 0.0000000000 0.0000000000 0.0000000000 0.0000000000 0.0000000000 0.0000000000 0.0000000000 0.0000000000 0.0000000000 0.0000000000 0.0000000000 0.0000000000
0.0000000000 0.0000000000 0.0000000000 0.0001000000 0.3219000000 0.6492000000 0.0286000000 0.0002000000 0.0000000000 0.0000000000 0.0000000000 0.0000000000 0.0000000000 0.0000000000 0.0000000000 0.0000000000 0.0000000000 0.0000000000 0.0000000000 0.0000000000 0.0000000000
0.0000000000 0.0000000000 0.0000000000 0.0000000000 0.0000000000 0.0282971703 0.4970502950 0.4195580442 0.0530946905 0.0019998000 0.0000000000 0.0000000000 0.0000000000 0.0000000000 0.0000000000 0.0000000000 0.0000000000 0.0000000000 0.0000000000 0.0000000000 0.0000000000
0.0000000000 0.0000000000 0.0000000000 0.0000000000 0.0000000000 0.0000000000 0.0109000000 0.2363000000 0.4987000000 0.2193000000 0.0325000000 0.0022000000 0.0001000000 0.0000000000 0.0000000000 0.0000000000 0.0000000000 0.0000000000 0.0000000000 0.0000000000 0.0000000000
0.0000000000 0.0000000000 0.0000000000 0.0000000000 0.0000000000 0.0000000000 0.0000999900 0.0116988301 0.1732826717 0.4266573343 0.2948705129 0.0810918908 0.0112988701 0.0008999100 0.0000999900 0.0000000000 0.0000000000 0.0000000000 0.0000000000 0.0000000000 0.0000000000
0.0000000000 0.0000000000 0.0000000000 0.0000000000 0.0000000000 0.0000000000 0.0000000000 0.0004000000 0.0215000000 0.1831000000 0.3840000000 0.2884000000 0.1005000000 0.0195000000 0.0024000000 0.0002000000 0.0000000000 0.0000000000 0.0000000000 0.0000000000 0.0000000000
0.0000000000 0.0000000000 0.0000000000 0.0000000000 0.0000000000 0.0000000000 0.0000000000 0.0000000000 0.0023002300 0.0486048605 0.2302230223 0.3610361036 0.2463246325 0.0888088809 0.0195019502 0.0029002900 0.0003000300 0.0000000000 0.0000000000 0.0000000000 0.0000000000
0.0000000000 0.0000000000 0.0000000000 0.0000000000 0.0000000000 0.0000000000 0.0000000000 0.0000000000 0.0003000000 0.0126000000 0.1083000000 0.2914000000 0.3253000000 0.1845000000 0.0616000000 0.0136000000 0.0021000000 0.0003000000 0.0000000000 0.0000000000 0.0000000000
0.0000000000 0.0000000000 0.0000000000 0.0000000000 0.0000000000 0.0000000000 0.0000000000 0.0000000000 0.0000999900 0.0038996100 0.0514948505 0.2045795420 0.3258674133 0.2562743726 0.1158884112 0.0337966203 0.0068993101 0.0010998900 0.0000999900 0.0000000000 0.0000000000
0.0000000000 0.0000000000 0.0000000000 0.0000000000 0.0000000000 0.0000000000 0.0000000000 0.0000000000 0.0000000000 0.0016001600 0.0278027803 0.1449144914 0.2956295630 0.2919291929 0.1630163016 0.0578057806 0.0143014301 0.0026002600 0.0004000400 0.0000000000 0.0000000000
0.0000000000 0.0000000000 0.0000000000 0.0000000000 0.0000000000 0.0000000000 0.0000000000 0.0000000000 0.0000000000 0.0008000000 0.0179000000 0.1111000000 0.2659000000 0.3042000000 0.1946000000 0.0784000000 0.0218000000 0.0045000000 0.0007000000 0.0001000000 0.0000000000
0.0000000000 0.0000000000 0.0000000000 0.0000000000 0.0000000000 0.0000000000 0.0000000000 0.0000000000 0.0000000000 0.0006000000 0.0139000000 0.0946000000 0.2473000000 0.3067000000 0.2115000000 0.0913000000 0.0271000000 0.0059000000 0.0010000000 0.0001000000 0.0000000000
0.0000000000 0.0000000000 0.0000000000 0.0000000000 0.0000000000 0.0000000000 0.0000000000 0.0000000000 0.0000000000 0.0005000000 0.0128000000 0.0899000000 0.2413000000 0.3069000000 0.2165000000 0.0955000000 0.0289000000 0.0064000000 0.0011000000 0.0002000000 0.0000000000
0.0000000000 0.0000000000 0.0000000000 0.0000000000 0.0000000000 0.0000000000 0.0000000000 0.0000000000 0.0000000000 0.0006000600 0.0137013701 0.0941094109 0.2467246725 0.3068306831 0.2120212021 0.0917091709 0.0272027203 0.0060006001 0.0010001000 0.0001000100 0.0000000000
0.0000000000 0.0000000000 0.0000000000 0.0000000000 0.0000000000 0.0000000000 0.0000000000 0.0000000000 0.0000000000 0.0008000000 0.0168000000 0.1069000000 0.2615000000 0.3051000000 0.1988000000 0.0814000000 0.0230000000 0.0048000000 0.0008000000 0.0001000000 0.0000000000
0.0000000000 0.0000000000 0.0000000000 0.0000000000 0.0000000000 0.0000000000 0.0000000000 0.0000000000 0.0000000000 0.0012000000 0.0228000000 0.1287000000 0.2827000000 0.2988000000 0.1776000000 0.0668000000 0.0174000000 0.0034000000 0.0005000000 0.0001000000 0.0000000000
0.0000000000 0.0000000000 0.0000000000 0.0000000000 0.0000000000 0.0000000000 0.0000000000 0.0000000000 0.0000000000 0.0020002000 0.0332033203 0.1606160616 0.3061306131 0.2839283928 0.1496149615 0.0503050305 0.0118011801 0.0021002100 0.0003000300 0.0000000000 0.0000000000
0.0000000000 0.0000000000 0.0000000000 0.0000000000 0.0000000000 0.0000000000 0.0000000000 0.0000000000 0.0001000000 0.0038000000 0.0506000000 0.2027000000 0.3253000000 0.2576000000 0.1172000000 0.0344000000 0.0071000000 0.0011000000 0.0001000000 0.0000000000 0.0000000000
0.0000000000 0.0000000000 0.0000000000 0.0000000000 0.0000000000 0.0000000000 0.0000000000 0.0000000000 0.0000999900 0.0074992501 0.0784921508 0.2526747325 0.3323667633 0.2191780822 0.0841915808 0.0210978902 0.0037996200 0.0004999500 0.0000999900 0.0000000000 0.0000000000
0.0000000000 0.0000000000 0.0000000000 0.0000000000 0.0000000000 0.0000000000 0.0000000000 0.0000000000 0.0003999600 0.0150984902 0.1205879412 0.3040695930 0.3199680032 0.1718828117 0.0545945405 0.0114988501 0.0016998300 0.0001999800 0.0000000000 0.0000000000 0.0000000000
</ProbTable>
</Entry>
<Entry>
<Instance>a2 - -</Instance>
<ProbTable>1.0000000000 0.0000000000 0.0000000000 0.0000000000 0.0000000000 0.0000000000 0.0000000000 0.0000000000 0.0000000000 0.0000000000 0.0000000000 0.0000000000 0.0000000000 0.0000000000 0.0000000000 0.0000000000 0.0000000000 0.0000000000 0.0000000000 0.0000000000 0.0000000000
1.0000000000 0.0000000000 0.0000000000 0.0000000000 0.0000000000 0.0000000000 0.0000000000 0.0000000000 0.0000000000 0.0000000000 0.0000000000 0.0000000000 0.0000000000 0.0000000000 0.0000000000 0.0000000000 0.0000000000 0.0000000000 0.0000000000 0.0000000000 0.0000000000
0.0000000000 0.0000000000 0.3323667633 0.6675332467 0.0000999900 0.0000000000 0.0000000000 0.0000000000 0.0000000000 0.0000000000 0.0000000000 0.0000000000 0.0000000000 0.0000000000 0.0000000000 0.0000000000 0.0000000000 0.0000000000 0.0000000000 0.0000000000 0.0000000000
0.0000000000 0.0000000000 0.0000000000 0.0001000000 0.3219000000 0.6492000000 0.0286000000 0.0002000000 0.0000000000 0.0000000000 0.0000000000 0.0000000000 0.0000000000 0.0000000000 0.0000000000 0.0000000000 0.0000000000 0.0000000000 0.0000000000 0.0000000000 0.0000000000
0.0000000000 0.0000000000 0.0000000000 0.0000000000 0.0000000000 0.0282971703 0.4970502950 0.4195580442 0.0530946905 0.0019998000 0.0000000000 0.0000000000 0.0000000000 0.0000000000 0.0000000000 0.0000000000 0.0000000000 0.0000000000 0.0000000000 0.0000000000 0.0000000000
0.0000000000 0.0000000000 0.0000000000 0.0000000000 0.0000000000 0.0000000000 0.0109000000 0.2363000000 0.4987000000 0.2193000000 0.0325000000 0.0022000000 0.0001000000 0.0000000000 0.0000000000 0.0000000000 0.0000000000 0.0000000000 0.0000000000 0.0000000000 0.0000000000
0.0000000000 0.0000000000 0.0000000000 0.0000000000 0.0000000000 0.0000000000 0.0000999900 0.0116988301 0.1732826717 0.4266573343 0.2948705129 0.0810918908 0.0112988701 0.0008999100 0.0000999900 0.0000000000 0.0000000000 0.0000000000 0.0000000000 0.0000000000 0.0000000000
0.0000000000 0.0000000000 0.0000000000 0.0000000000 0.0000000000 0.0000000000 0.0000000000 0.0004000000 0.0215000000 0.1831000000 0.3840000000 0.2884000000 0.1005000000 0.0195000000 0.0024000000 0.0002000000 0.0000000000 0.0000000000 0.0000000000 0.0000000000 0.0000000000
0.0000000000 0.0000000000 0.0000000000 0.0000000000 0.0000000000 0.0000000000 0.0000000000 0.0000000000 0.0023002300 0.0486048605 0.2302230223 0.3610361036 0.2463246325 0.0888088809 0.0195019502 0.0029002900 0.0003000300 0.0000000000 0.0000000000 0.0000000000 0.0000000000
0.0000000000 0.0000000000 0.0000000000 0.0000000000 0.0000000000 0.0000000000 0.0000000000 0.0000000000 0.0003000000 0.0126000000 0.1083000000 0.2914000000 0.3253000000 0.1845000000 0.0616000000 0.0136000000 0.0021000000 0.0003000000 0.0000000000 0.0000000000 0.0000000000
0.0000000000 0.0000000000 0.0000000000 0.0000000000 0.0000000000 0.0000000000 0.0000000000 0.0000000000 0.0000999900 0.0038996100 0.0514948505 0.2045795420 0.3258674133 0.2562743726 0.1158884112 0.0337966203 0.0068993101 0.0010998900 0.0000999900 0.0000000000 0.0000000000
0.0000000000 0.0000000000 0.0000000000 0.0000000000 0.0000000000 0.0000000000 0.0000000000 0.0000000000 0.0000000000 0.0016001600 0.0278027803 0.1449144914 0.2956295630 0.2919291929 0.1630163016 0.0578057806 0.0143014301 0.0026002600 0.0004000400 0.0000000000 0.0000000000
0.0000000000 0.0000000000 0.0000000000 0.0000000000 0.0000000000 0.0000000000 0.0000000000 0.0000000000 0.0000000000 0.0008000000 0.0179000000 0.1111000000 0.2659000000 0.3042000000 0.1946000000 0.0784000000 0.0218000000 0.0045000000 0.0007000000 0.0001000000 0.0000000000
0.0000000000 0.0000000000 0.0000000000 0.0000000000 0.0000000000 0.0000000000 0.0000000000 0.0000000000 0.0000000000 0.0006000000 0.0139000000 0.0946000000 0.2473000000 0.3067000000 0.2115000000 0.0913000000 0.0271000000 0.0059000000 0.0010000000 0.0001000000 0.0000000000
0.0000000000 0.0000000000 0.0000000000 0.0000000000 0.0000000000 0.0000000000 0.0000000000 0.0000000000 0.0000000000 0.0005000000 0.0128000000 0.0899000000 0.2413000000 0.3069000000 0.2165000000 0.0955000000 0.0289000000 0.0064000000 0.0011000000 0.0002000000 0.0000000000
0.0000000000 0.0000000000 0.0000000000 0.0000000000 0.0000000000 0.0000000000 0.0000000000 0.0000000000 0.0000000000 0.0006000600 0.0137013701 0.0941094109 0.2467246725 0.3068306831 0.2120212021 0.0917091709 0.0272027203 0.0060006001 0.0010001000 0.0001000100 0.0000000000
0.0000000000 0.0000000000 0.0000000000 0.0000000000 0.0000000000 0.0000000000 0.0000000000 0.0000000000 0.0000000000 0.0008000000 0.0168000000 0.1069000000 0.2615000000 0.3051000000 0.1988000000 0.0814000000 0.0230000000 0.0048000000 0.0008000000 0.0001000000 0.0000000000
0.0000000000 0.0000000000 0.0000000000 0.0000000000 0.0000000000 0.0000000000 0.0000000000 0.0000000000 0.0000000000 0.0012000000 0.0228000000 0.1287000000 0.2827000000 0.2988000000 0.1776000000 0.0668000000 0.0174000000 0.0034000000 0.0005000000 0.0001000000 0.0000000000
0.0000000000 0.0000000000 0.0000000000 0.0000000000 0.0000000000 0.0000000000 0.0000000000 0.0000000000 0.0000000000 0.0020002000 0.0332033203 0.1606160616 0.3061306131 0.2839283928 0.1496149615 0.0503050305 0.0118011801 0.0021002100 0.0003000300 0.0000000000 0.0000000000
0.0000000000 0.0000000000 0.0000000000 0.0000000000 0.0000000000 0.0000000000 0.0000000000 0.0000000000 0.0001000000 0.0038000000 0.0506000000 0.2027000000 0.3253000000 0.2576000000 0.1172000000 0.0344000000 0.0071000000 0.0011000000 0.0001000000 0.0000000000 0.0000000000
0.0000000000 0.0000000000 0.0000000000 0.0000000000 0.0000000000 0.0000000000 0.0000000000 0.0000000000 0.0000999900 0.0074992501 0.0784921508 0.2526747325 0.3323667633 0.2191780822 0.0841915808 0.0210978902 0.0037996200 0.0004999500 0.0000999900 0.0000000000 0.0000000000
</ProbTable>
</Entry>
<Entry>
<Instance>a3 - -</Instance>
<ProbTable>1.0000000000 0.0000000000 0.0000000000 0.0000000000 0.0000000000 0.0000000000 0.0000000000 0.0000000000 0.0000000000 0.0000000000 0.0000000000 0.0000000000 0.0000000000 0.0000000000 0.0000000000 0.0000000000 0.0000000000 0.0000000000 0.0000000000 0.0000000000 0.0000000000
1.0000000000 0.0000000000 0.0000000000 0.0000000000 0.0000000000 0.0000000000 0.0000000000 0.0000000000 0.0000000000 0.0000000000 0.0000000000 0.0000000000 0.0000000000 0.0000000000 0.0000000000 0.0000000000 0.0000000000 0.0000000000 0.0000000000 0.0000000000 0.0000000000
1.0000000000 0.0000000000 0.0000000000 0.0000000000 0.0000000000 0.0000000000 0.0000000000 0.0000000000 0.0000000000 0.0000000000 0.0000000000 0.0000000000 0.0000000000 0.0000000000 0.0000000000 0.0000000000 0.0000000000 0.0000000000 0.0000000000 0.0000000000 0.0000000000
0.0000000000 0.0000000000 0.3323667633 0.6675332467 0.0000999900 0.0000000000 0.0000000000 0.0000000000 0.0000000000 0.0000000000 0.0000000000 0.0000000000 0.0000000000 0.0000000000 0.0000000000 0.0000000000 0.0000000000 0.0000000000 0.0000000000 0.0000000000 0.0000000000
0.0000000000 0.0000000000 0.0000000000 0.0001000000 0.3219000000 0.6492000000 0.0286000000 0.0002000000 0.0000000000 0.0000000000 0.0000000000 0.0000000000 0.0000000000 0.0000000000 0.0000000000 0.0000000000 0.0000000000 0.0000000000 0.0000000000 0.0000000000 0.0000000000
0.0000000000 0.0000000000 0.0000000000 0.0000000000 0.0000000000 0.0282971703 0.4970502950 0.4195580442 0.0530946905 0.0019998000 0.0000000000 0.0000000000 0.0000000000 0.0000000000 0.0000000000 0.0000000000 0.0000000000 0.0000000000 0.0000000000 0.0000000000 0.0000000000
0.0000000000 0.0000000000 0.0000000000 0.0000000000 0.0000000000 0.0000000000 0.0109000000 0.2363000000 0.4987000000 0.2193000000 0.0325000000 0.0022000000 0.0001000000 0.0000000000 0.0000000000 0.0000000000 0.0000000000 0.0000000000 0.0000000000 0.0000000000 0.0000000000
0.0000000000 0.0000000000 0.0000000000 0.0000000000 0.0000000000 0.0000000000 0.0000999900 0.0116988301 0.1732826717 0.4266573343 0.2948705129 0.0810918908 0.0112988701 0.0008999100 0.0000999900 0.0000000000 0.0000000000 0.0000000000 0.0000000000 0.0000000000 0.0000000000
0.0000000000 0.0000000000 0.0000000000 0.0000000000 0.0000000000 0.0000000000 0.0000000000 0.0004000000 0.0215000000 0.1831000000 0.3840000000 0.2884000000 0.1005000000 0.0195000000 0.0024000000 0.0002000000 0.0000000000 0.0000000000 0.0000000000 0.0000000000 0.0000000000
0.0000000000 0.0000000000 0.0000000000 0.0000000000 0.0000000000 0.0000000000 0.0000000000 0.0000000000 0.0023002300 0.0486048605 0.2302230223 0.3610361036 0.2463246325 0.0888088809 0.0195019502 0.0029002900 0.0003000300 0.0000000000 0.0000000000 0.0000000000 0.0000000000
0.0000000000 0.0000000000 0.0000000000 0.0000000000 0.0000000000 0.0000000000 0.0000000000 0.0000000000 0.0003000000 0.0126000000 0.1083000000 0.2914000000 0.3253000000 0.1845000000 0.0616000000 0.0136000000 0.0021000000 0.0003000000 0.0000000000 0.0000000000 0.0000000000
0.0000000000 0.0000000000 0.0000000000 0.0000000000 0.0000000000 0.0000000000 0.0000000000 0.0000000000 0.0000999900 0.0038996100 0.0514948505 0.2045795420 0.3258674133 0.2562743726 0.1158884112 0.0337966203 0.0068993101 0.0010998900 0.0000999900 0.0000000000 0.0000000000
0.0000000000 0.0000000000 0.0000000000 0.0000000000 0.0000000000 0.0000000000 0.0000000000 0.0000000000 0.0000000000 0.0016001600 0.0278027803 0.1449144914 0.2956295630 0.2919291929 0.1630163016 0.0578057806 0.0143014301 0.0026002600 0.0004000400 0.0000000000 0.0000000000
0.0000000000 0.0000000000 0.0000000000 0.0000000000 0.0000000000 0.0000000000 0.0000000000 0.0000000000 0.0000000000 0.0008000000 0.0179000000 0.1111000000 0.2659000000 0.3042000000 0.1946000000 0.0784000000 0.0218000000 0.0045000000 0.0007000000 0.0001000000 0.0000000000
0.0000000000 0.0000000000 0.0000000000 0.0000000000 0.0000000000 0.0000000000 0.0000000000 0.0000000000 0.0000000000 0.0006000000 0.0139000000 0.0946000000 0.2473000000 0.3067000000 0.2115000000 0.0913000000 0.0271000000 0.0059000000 0.0010000000 0.0001000000 0.0000000000
0.0000000000 0.0000000000 0.0000000000 0.0000000000 0.0000000000 0.0000000000 0.0000000000 0.0000000000 0.0000000000 0.0005000000 0.0128000000 0.0899000000 0.2413000000 0.3069000000 0.2165000000 0.0955000000 0.0289000000 0.0064000000 0.0011000000 0.0002000000 0.0000000000
0.0000000000 0.0000000000 0.0000000000 0.0000000000 0.0000000000 0.0000000000 0.0000000000 0.0000000000 0.0000000000 0.0006000600 0.0137013701 0.0941094109 0.2467246725 0.3068306831 0.2120212021 0.0917091709 0.0272027203 0.0060006001 0.0010001000 0.0001000100 0.0000000000
0.0000000000 0.0000000000 0.0000000000 0.0000000000 0.0000000000 0.0000000000 0.0000000000 0.0000000000 0.0000000000 0.0008000000 0.0168000000 0.1069000000 0.2615000000 0.3051000000 0.1988000000 0.0814000000 0.0230000000 0.0048000000 0.0008000000 0.0001000000 0.0000000000
0.0000000000 0.0000000000 0.0000000000 0.0000000000 0.0000000000 0.0000000000 0.0000000000 0.0000000000 0.0000000000 0.0012000000 0.0228000000 0.1287000000 0.2827000000 0.2988000000 0.1776000000 0.0668000000 0.0174000000 0.0034000000 0.0005000000 0.0001000000 0.0000000000
0.0000000000 0.0000000000 0.0000000000 0.0000000000 0.0000000000 0.0000000000 0.0000000000 0.0000000000 0.0000000000 0.0020002000 0.0332033203 0.1606160616 0.3061306131 0.2839283928 0.1496149615 0.0503050305 0.0118011801 0.0021002100 0.0003000300 0.0000000000 0.0000000000
0.0000000000 0.0000000000 0.0000000000 0.0000000000 0.0000000000 0.0000000000 0.0000000000 0.0000000000 0.0001000000 0.0038000000 0.0506000000 0.2027000000 0.3253000000 0.2576000000 0.1172000000 0.0344000000 0.0071000000 0.0011000000 0.0001000000 0.0000000000 0.0000000000
</ProbTable>
</Entry>
<Entry>
<Instance>a4 - -</Instance>
<ProbTable>1.0000000000 0.0000000000 0.0000000000 0.0000000000 0.0000000000 0.0000000000 0.0000000000 0.0000000000 0.0000000000 0.0000000000 0.0000000000 0.0000000000 0.0000000000 0.0000000000 0.0000000000 0.0000000000 0.0000000000 0.0000000000 0.0000000000 0.0000000000 0.0000000000
1.0000000000 0.0000000000 0.0000000000 0.0000000000 0.0000000000 0.0000000000 0.0000000000 0.0000000000 0.0000000000 0.0000000000 0.0000000000 0.0000000000 0.0000000000 0.0000000000 0.0000000000 0.0000000000 0.0000000000 0.0000000000 0.0000000000 0.0000000000 0.0000000000
1.0000000000 0.0000000000 0.0000000000 0.0000000000 0.0000000000 0.0000000000 0.0000000000 0.0000000000 0.0000000000 0.0000000000 0.0000000000 0.0000000000 0.0000000000 0.0000000000 0.0000000000 0.0000000000 0.0000000000 0.0000000000 0.0000000000 0.0000000000 0.0000000000
1.0000000000 0.0000000000 0.0000000000 0.0000000000 0.0000000000 0.0000000000 0.0000000000 0.0000000000 0.0000000000 0.0000000000 0.0000000000 0.0000000000 0.0000000000 0.0000000000 0.0000000000 0.0000000000 0.0000000000 0.0000000000 0.0000000000 0.0000000000 0.0000000000
0.0000000000 0.0000000000 0.3323667633 0.6675332467 0.0000999900 0.0000000000 0.0000000000 0.0000000000 0.0000000000 0.0000000000 0.0000000000 0.0000000000 0.0000000000 0.0000000000 0.0000000000 0.0000000000 0.0000000000 0.0000000000 0.0000000000 0.0000000000 0.0000000000
0.0000000000 0.0000000000 0.0000000000 0.0001000000 0.3219000000 0.6492000000 0.0286000000 0.0002000000 0.0000000000 0.0000000000 0.0000000000 0.0000000000 0.0000000000 0.0000000000 0.0000000000 0.0000000000 0.0000000000 0.0000000000 0.0000000000 0.0000000000 0.0000000000
0.0000000000 0.0000000000 0.0000000000 0.0000000000 0.0000000000 0.0282971703 0.4970502950 0.4195580442 0.0530946905 0.0019998000 0.0000000000 0.0000000000 0.0000000000 0.0000000000 0.0000000000 0.0000000000 0.0000000000 0.0000000000 0.0000000000 0.0000000000 0.0000000000
0.0000000000 0.0000000000 0.0000000000 0.0000000000 0.0000000000 0.0000000000 0.0109000000 0.2363000000 0.4987000000 0.2193000000 0.0325000000 0.0022000000 0.0001000000 0.0000000000 0.0000000000 0.0000000000 0.0000000000 0.0000000000 0.0000000000 0.0000000000 0.0000000000
0.0000000000 0.0000000000 0.0000000000 0.0000000000 0.0000000000 0.0000000000 0.0000999900 0.0116988301 0.1732826717 0.4266573343 0.2948705129 0.0810918908 0.0112988701 0.0008999100 0.0000999900 0.0000000000 0.0000000000 0.0000000000 0.0000000000 0.0000000000 0.0000000000
0.0000000000 0.0000000000 0.0000000000 0.0000000000 0.0000000000 0.0000000000 0.0000000000 0.0004000000 0.0215000000 0.1831000000 0.3840000000 0.2884000000 0.1005000000 0.0195000000 0.0024000000 0.0002000000 0.0000000000 0.0000000000 0.0000000000 0.0000000000 0.0000000000
0.0000000000 0.0000000000 0.0000000000 0.0000000000 0.0000000000 0.0000000000 0.0000000000 0.0000000000 0.0023002300 0.0486048605 0.2302230223 0.3610361036 0.2463246325 0.0888088809 0.0195019502 0.0029002900 0.0003000300 0.0000000000 0.0000000000 0.0000000000 0.0000000000
0.0000000000 0.0000000000 0.0000000000 0.0000000000 0.0000000000 0.0000000000 0.0000000000 0.0000000000 0.0003000000 0.0126000000 0.1083000000 0.2914000000 0.3253000000 0.1845000000 0.0616000000 0.0136000000 0.0021000000 0.0003000000 0.0000000000 0.0000000000 0.0000000000
0.0000000000 0.0000000000 0.0000000000 0.0000000000 0.0000000000 0.0000000000 0.0000000000 0.0000000000 0.0000999900 0.0038996100 0.0514948505 0.2045795420 0.3258674133 0.2562743726 0.1158884112 0.0337966203 0.0068993101 0.0010998900 0.0000999900 0.0000000000 0.0000000000
0.0000000000 0.0000000000 0.0000000000 0.0000000000 0.0000000000 0.0000000000 0.0000000000 0.0000000000 0.0000000000 0.0016001600 0.0278027803 0.1449144914 0.2956295630 0.2919291929 0.1630163016 0.0578057806 0.0143014301 0.0026002600 0.0004000400 0.0000000000 0.0000000000
0.0000000000 0.0000000000 0.0000000000 0.0000000000 0.0000000000 0.0000000000 0.0000000000 0.0000000000 0.0000000000 0.0008000000 0.0179000000 0.1111000000 0.2659000000 0.3042000000 0.1946000000 0.0784000000 0.0218000000 0.0045000000 0.0007000000 0.0001000000 0.0000000000
0.0000000000 0.0000000000 0.0000000000 0.0000000000 0.0000000000 0.0000000000 0.0000000000 0.0000000000 0.0000000000 0.0006000000 0.0139000000 0.0946000000 0.2473000000 0.3067000000 0.2115000000 0.0913000000 0.0271000000 0.0059000000 0.0010000000 0.0001000000 0.0000000000
0.0000000000 0.0000000000 0.0000000000 0.0000000000 0.0000000000 0.0000000000 0.0000000000 0.0000000000 0.0000000000 0.0005000000 0.0128000000 0.0899000000 0.2413000000 0.3069000000 0.2165000000 0.0955000000 0.0289000000 0.0064000000 0.0011000000 0.0002000000 0.0000000000
0.0000000000 0.0000000000 0.0000000000 0.0000000000 0.0000000000 0.0000000000 0.0000000000 0.0000000000 0.0000000000 0.0006000600 0.0137013701 0.0941094109 0.2467246725 0.3068306831 0.2120212021 0.0917091709 0.0272027203 0.0060006001 0.0010001000 0.0001000100 0.0000000000
0.0000000000 0.0000000000 0.0000000000 0.0000000000 0.0000000000 0.0000000000 0.0000000000 0.0000000000 0.0000000000 0.0008000000 0.0168000000 0.1069000000 0.2615000000 0.3051000000 0.1988000000 0.0814000000 0.0230000000 0.0048000000 0.0008000000 0.0001000000 0.0000000000
0.0000000000 0.0000000000 0.0000000000 0.0000000000 0.0000000000 0.0000000000 0.0000000000 0.0000000000 0.0000000000 0.0012000000 0.0228000000 0.1287000000 0.2827000000 0.2988000000 0.1776000000 0.0668000000 0.0174000000 0.0034000000 0.0005000000 0.0001000000 0.0000000000
0.0000000000 0.0000000000 0.0000000000 0.0000000000 0.0000000000 0.0000000000 0.0000000000 0.0000000000 0.0000000000 0.0020002000 0.0332033203 0.1606160616 0.3061306131 0.2839283928 0.1496149615 0.0503050305 0.0118011801 0.0021002100 0.0003000300 0.0000000000 0.0000000000
</ProbTable>
</Entry>
<Entry>
<Instance>a5 - -</Instance>
<ProbTable>1.0000000000 0.0000000000 0.0000000000 0.0000000000 0.0000000000 0.0000000000 0.0000000000 0.0000000000 0.0000000000 0.0000000000 0.0000000000 0.0000000000 0.0000000000 0.0000000000 0.0000000000 0.0000000000 0.0000000000 0.0000000000 0.0000000000 0.0000000000 0.0000000000
1.0000000000 0.0000000000 0.0000000000 0.0000000000 0.0000000000 0.0000000000 0.0000000000 0.0000000000 0.0000000000 0.0000000000 0.0000000000 0.0000000000 0.0000000000 0.0000000000 0.0000000000 0.0000000000 0.0000000000 0.0000000000 0.0000000000 0.0000000000 0.0000000000
1.0000000000 0.0000000000 0.0000000000 0.0000000000 0.0000000000 0.0000000000 0.0000000000 0.0000000000 0.0000000000 0.0000000000 0.0000000000 0.0000000000 0.0000000000 0.0000000000 0.0000000000 0.0000000000 0.0000000000 0.0000000000 0.0000000000 0.0000000000 0.0000000000
1.0000000000 0.0000000000 0.0000000000 0.0000000000 0.0000000000 0.0000000000 0.0000000000 0.0000000000 0.0000000000 0.0000000000 0.0000000000 0.0000000000 0.0000000000 0.0000000000 0.0000000000 0.0000000000 0.0000000000 0.0000000000 0.0000000000 0.0000000000 0.0000000000
1.0000000000 0.0000000000 0.0000000000 0.0000000000 0.0000000000 0.0000000000 0.0000000000 0.0000000000 0.0000000000 0.0000000000 0.0000000000 0.0000000000 0.0000000000 0.0000000000 0.0000000000 0.0000000000 0.0000000000 0.0000000000 0.0000000000 0.0000000000 0.0000000000
0.0000000000 0.0000000000 0.3323667633 0.6675332467 0.0000999900 0.0000000000 0.0000000000 0.0000000000 0.0000000000 0.0000000000 0.0000000000 0.0000000000 0.0000000000 0.0000000000 0.0000000000 0.0000000000 0.0000000000 0.0000000000 0.0000000000 0.0000000000 0.0000000000
0.0000000000 0.0000000000 0.0000000000 0.0001000000 0.3219000000 0.6492000000 0.0286000000 0.0002000000 0.0000000000 0.0000000000 0.0000000000 0.0000000000 0.0000000000 0.0000000000 0.0000000000 0.0000000000 0.0000000000 0.0000000000 0.0000000000 0.0000000000 0.0000000000
0.0000000000 0.0000000000 0.0000000000 0.0000000000 0.0000000000 0.0282971703 0.4970502950 0.4195580442 0.0530946905 0.0019998000 0.0000000000 0.0000000000 0.0000000000 0.0000000000 0.0000000000 0.0000000000 0.0000000000 0.0000000000 0.0000000000 0.0000000000 0.0000000000
0.0000000000 0.0000000000 0.0000000000 0.0000000000 0.0000000000 0.0000000000 0.0109000000 0.2363000000 0.4987000000 0.2193000000 0.0325000000 0.0022000000 0.0001000000 0.0000000000 0.0000000000 0.0000000000 0.0000000000 0.0000000000 0.0000000000 0.0000000000 0.0000000000
0.0000000000 0.0000000000 0.0000000000 0.0000000000 0.0000000000 0.0000000000 0.0000999900 0.0116988301 0.1732826717 0.4266573343 0.2948705129 0.0810918908 0.0112988701 0.0008999100 0.0000999900 0.0000000000 0.0000000000 0.0000000000 0.0000000000 0.0000000000 0.0000000000
0.0000000000 0.0000000000 0.0000000000 0.0000000000 0.0000000000 0.0000000000 0.0000000000 0.0004000000 0.0215000000 0.1831000000 0.3840000000 0.2884000000 0.1005000000 0.0195000000 0.0024000000 0.0002000000 0.0000000000 0.0000000000 0.0000000000 0.0000000000 0.0000000000
0.0000000000 0.0000000000 0.0000000000 0.0000000000 0.0000000000 0.0000000000 0.0000000000 0.0000000000 0.0023002300 0.0486048605 0.2302230223 0.3610361036 0.2463246325 0.0888088809 0.0195019502 0.0029002900 0.0003000300 0.0000000000 0.0000000000 0.0000000000 0.0000000000
0.0000000000 0.0000000000 0.0000000000 0.0000000000 0.0000000000 0.0000000000 0.0000000000 0.0000000000 0.0003000000 0.0126000000 0.1083000000 0.2914000000 0.3253000000 0.1845000000 0.0616000000 0.0136000000 0.0021000000 0.0003000000 0.0000000000 0.0000000000 0.0000000000
0.0000000000 0.0000000000 0.0000000000 0.0000000000 0.0000000000 0.0000000000 0.0000000000 0.0000000000 0.0000999900 0.0038996100 0.0514948505 0.2045795420 0.3258674133 0.2562743726 0.1158884112 0.0337966203 0.0068993101 0.0010998900 0.0000999900 0.0000000000 0.0000000000
0.0000000000 0.0000000000 0.0000000000 0.0000000000 0.0000000000 0.0000000000 0.0000000000 0.0000000000 0.0000000000 0.0016001600 0.0278027803 0.1449144914 0.2956295630 0.2919291929 0.1630163016 0.0578057806 0.0143014301 0.0026002600 0.0004000400 0.0000000000 0.0000000000
0.0000000000 0.0000000000 0.0000000000 0.0000000000 0.0000000000 0.0000000000 0.0000000000 0.0000000000 0.0000000000 0.0008000000 0.0179000000 0.1111000000 0.2659000000 0.3042000000 0.1946000000 0.0784000000 0.0218000000 0.0045000000 0.0007000000 0.0001000000 0.0000000000
0.0000000000 0.0000000000 0.0000000000 0.0000000000 0.0000000000 0.0000000000 0.0000000000 0.0000000000 0.0000000000 0.0006000000 0.0139000000 0.0946000000 0.2473000000 0.3067000000 0.2115000000 0.0913000000 0.0271000000 0.0059000000 0.0010000000 0.0001000000 0.0000000000
0.0000000000 0.0000000000 0.0000000000 0.0000000000 0.0000000000 0.0000000000 0.0000000000 0.0000000000 0.0000000000 0.0005000000 0.0128000000 0.0899000000 0.2413000000 0.3069000000 0.2165000000 0.0955000000 0.0289000000 0.0064000000 0.0011000000 0.0002000000 0.0000000000
0.0000000000 0.0000000000 0.0000000000 0.0000000000 0.0000000000 0.0000000000 0.0000000000 0.0000000000 0.0000000000 0.0006000600 0.0137013701 0.0941094109 0.2467246725 0.3068306831 0.2120212021 0.0917091709 0.0272027203 0.0060006001 0.0010001000 0.0001000100 0.0000000000
0.0000000000 0.0000000000 0.0000000000 0.0000000000 0.0000000000 0.0000000000 0.0000000000 0.0000000000 0.0000000000 0.0008000000 0.0168000000 0.1069000000 0.2615000000 0.3051000000 0.1988000000 0.0814000000 0.0230000000 0.0048000000 0.0008000000 0.0001000000 0.0000000000
0.0000000000 0.0000000000 0.0000000000 0.0000000000 0.0000000000 0.0000000000 0.0000000000 0.0000000000 0.0000000000 0.0012000000 0.0228000000 0.1287000000 0.2827000000 0.2988000000 0.1776000000 0.0668000000 0.0174000000 0.0034000000 0.0005000000 0.0001000000 0.0000000000
</ProbTable>
</Entry>
<Entry>
<Instance>a6 - -</Instance>
<ProbTable>1.0000000000 0.0000000000 0.0000000000 0.0000000000 0.0000000000 0.0000000000 0.0000000000 0.0000000000 0.0000000000 0.0000000000 0.0000000000 0.0000000000 0.0000000000 0.0000000000 0.0000000000 0.0000000000 0.0000000000 0.0000000000 0.0000000000 0.0000000000 0.0000000000
1.0000000000 0.0000000000 0.0000000000 0.0000000000 0.0000000000 0.0000000000 0.0000000000 0.0000000000 0.0000000000 0.0000000000 0.0000000000 0.0000000000 0.0000000000 0.0000000000 0.0000000000 0.0000000000 0.0000000000 0.0000000000 0.0000000000 0.0000000000 0.0000000000
1.0000000000 0.0000000000 0.0000000000 0.0000000000 0.0000000000 0.0000000000 0.0000000000 0.0000000000 0.0000000000 0.0000000000 0.0000000000 0.0000000000 0.0000000000 0.0000000000 0.0000000000 0.0000000000 0.0000000000 0.0000000000 0.0000000000 0.0000000000 0.0000000000
1.0000000000 0.0000000000 0.0000000000 0.0000000000 0.0000000000 0.0000000000 0.0000000000 0.0000000000 0.0000000000 0.0000000000 0.0000000000 0.0000000000 0.0000000000 0.0000000000 0.0000000000 0.0000000000 0.0000000000 0.0000000000 0.0000000000 0.0000000000 0.0000000000
1.0000000000 0.0000000000 0.0000000000 0.0000000000 0.0000000000 0.0000000000 0.0000000000 0.0000000000 0.0000000000 0.0000000000 0.0000000000 0.0000000000 0.0000000000 0.0000000000 0.0000000000 0.0000000000 0.0000000000 0.0000000000 0.0000000000 0.0000000000 0.0000000000
1.0000000000 0.0000000000 0.0000000000 0.0000000000 0.0000000000 0.0000000000 0.0000000000 0.0000000000 0.0000000000 0.0000000000 0.0000000000 0.0000000000 0.0000000000 0.0000000000 0.0000000000 0.0000000000 0.0000000000 0.0000000000 0.0000000000 0.0000000000 0.0000000000
0.0000000000 0.0000000000 0.3323667633 0.6675332467 0.0000999900 0.0000000000 0.0000000000 0.0000000000 0.0000000000 0.0000000000 0.0000000000 0.0000000000 0.0000000000 0.0000000000 0.0000000000 0.0000000000 0.0000000000 0.0000000000 0.0000000000 0.0000000000 0.0000000000
0.0000000000 0.0000000000 0.0000000000 0.0001000000 0.3219000000 0.6492000000 0.0286000000 0.0002000000 0.0000000000 0.0000000000 0.0000000000 0.0000000000 0.0000000000 0.0000000000 0.0000000000 0.0000000000 0.0000000000 0.0000000000 0.0000000000 0.0000000000 0.0000000000
0.0000000000 0.0000000000 0.0000000000 0.0000000000 0.0000000000 0.0282971703 0.4970502950 0.4195580442 0.0530946905 0.0019998000 0.0000000000 0.0000000000 0.0000000000 0.0000000000 0.0000000000 0.0000000000 0.0000000000 0.0000000000 0.0000000000 0.0000000000 0.0000000000
0.0000000000 0.0000000000 0.0000000000 0.0000000000 0.0000000000 0.0000000000 0.0109000000 0.2363000000 0.4987000000 0.2193000000 0.0325000000 0.0022000000 0.0001000000 0.0000000000 0.0000000000 0.0000000000 0.0000000000 0.0000000000 0.0000000000 0.0000000000 0.0000000000
0.0000000000 0.0000000000 0.0000000000 0.0000000000 0.0000000000 0.0000000000 0.0000999900 0.0116988301 0.1732826717 0.4266573343 0.2948705129 0.0810918908 0.0112988701 0.0008999100 0.0000999900 0.0000000000 0.0000000000 0.0000000000 0.0000000000 0.0000000000 0.0000000000
0.0000000000 0.0000000000 0.0000000000 0.0000000000 0.0000000000 0.0000000000 0.0000000000 0.0004000000 0.0215000000 0.1831000000 0.3840000000 0.2884000000 0.1005000000 0.0195000000 0.0024000000 0.0002000000 0.0000000000 0.0000000000 0.0000000000 0.0000000000 0.0000000000
0.0000000000 0.0000000000 0.0000000000 0.0000000000 0.0000000000 0.0000000000 0.0000000000 0.0000000000 0.0023002300 0.0486048605 0.2302230223 0.3610361036 0.2463246325 0.0888088809 0.0195019502 0.0029002900 0.0003000300 0.0000000000 0.0000000000 0.0000000000 0.0000000000
0.0000000000 0.0000000000 0.0000000000 0.0000000000 0.0000000000 0.0000000000 0.0000000000 0.0000000000 0.0003000000 0.0126000000 0.1083000000 0.2914000000 0.3253000000 0.1845000000 0.0616000000 0.0136000000 0.0021000000 0.0003000000 0.0000000000 0.0000000000 0.0000000000
0.0000000000 0.0000000000 0.0000000000 0.0000000000 0.0000000000 0.0000000000 0.0000000000 0.0000000000 0.0000999900 0.0038996100 0.0514948505 0.2045795420 0.3258674133 0.2562743726 0.1158884112 0.0337966203 0.0068993101 0.0010998900 0.0000999900 0.0000000000 0.0000000000
0.0000000000 0.0000000000 0.0000000000 0.0000000000 0.0000000000 0.0000000000 0.0000000000 0.0000000000 0.0000000000 0.0016001600 0.0278027803 0.1449144914 0.2956295630 0.2919291929 0.1630163016 0.0578057806 0.0143014301 0.0026002600 0.0004000400 0.0000000000 0.0000000000
0.0000000000 0.0000000000 0.0000000000 0.0000000000 0.0000000000 0.0000000000 0.0000000000 0.0000000000 0.0000000000 0.0008000000 0.0179000000 0.1111000000 0.2659000000 0.3042000000 0.1946000000 0.0784000000 0.0218000000 0.0045000000 0.0007000000 0.0001000000 0.0000000000
0.0000000000 0.0000000000 0.0000000000 0.0000000000 0.0000000000 0.0000000000 0.0000000000 0.0000000000 0.0000000000 0.0006000000 0.0139000000 0.0946000000 0.2473000000 0.3067000000 0.2115000000 0.0913000000 0.0271000000 0.0059000000 0.0010000000 0.0001000000 0.0000000000
0.0000000000 0.0000000000 0.0000000000 0.0000000000 0.0000000000 0.0000000000 0.0000000000 0.0000000000 0.0000000000 0.0005000000 0.0128000000 0.0899000000 0.2413000000 0.3069000000 0.2165000000 0.0955000000 0.0289000000 0.0064000000 0.0011000000 0.0002000000 0.0000000000
0.0000000000 0.0000000000 0.0000000000 0.0000000000 0.0000000000 0.0000000000 0.0000000000 0.0000000000 0.0000000000 0.0006000600 0.0137013701 0.0941094109 0.2467246725 0.3068306831 0.2120212021 0.0917091709 0.0272027203 0.0060006001 0.0010001000 0.0001000100 0.0000000000
0.0000000000 0.0000000000 0.0000000000 0.0000000000 0.0000000000 0.0000000000 0.0000000000 0.0000000000 0.0000000000 0.0008000000 0.0168000000 0.1069000000 0.2615000000 0.3051000000 0.1988000000 0.0814000000 0.0230000000 0.0048000000 0.0008000000 0.0001000000 0.0000000000
</ProbTable>
</Entry>
<Entry>
<Instance>a7 - -</Instance>
<ProbTable>1.0000000000 0.0000000000 0.0000000000 0.0000000000 0.0000000000 0.0000000000 0.0000000000 0.0000000000 0.0000000000 0.0000000000 0.0000000000 0.0000000000 0.0000000000 0.0000000000 0.0000000000 0.0000000000 0.0000000000 0.0000000000 0.0000000000 0.0000000000 0.0000000000
1.0000000000 0.0000000000 0.0000000000 0.0000000000 0.0000000000 0.0000000000 0.0000000000 0.0000000000 0.0000000000 0.0000000000 0.0000000000 0.0000000000 0.0000000000 0.0000000000 0.0000000000 0.0000000000 0.0000000000 0.0000000000 0.0000000000 0.0000000000 0.0000000000
1.0000000000 0.0000000000 0.0000000000 0.0000000000 0.0000000000 0.0000000000 0.0000000000 0.0000000000 0.0000000000 0.0000000000 0.0000000000 0.0000000000 0.0000000000 0.0000000000 0.0000000000 0.0000000000 0.0000000000 0.0000000000 0.0000000000 0.0000000000 0.0000000000
1.0000000000 0.0000000000 0.0000000000 0.0000000000 0.0000000000 0.0000000000 0.0000000000 0.0000000000 0.0000000000 0.0000000000 0.0000000000 0.0000000000 0.0000000000 0.0000000000 0.0000000000 0.0000000000 0.0000000000 0.0000000000 0.0000000000 0.0000000000 0.0000000000
1.0000000000 0.0000000000 0.0000000000 0.0000000000 0.0000000000 0.0000000000 0.0000000000 0.0000000000 0.0000000000 0.0000000000 0.0000000000 0.0000000000 0.0000000000 0.0000000000 0.0000000000 0.0000000000 0.0000000000 0.0000000000 0.0000000000 0.0000000000 0.0000000000
1.0000000000 0.0000000000 0.0000000000 0.0000000000 0.0000000000 0.0000000000 0.0000000000 0.0000000000 0.0000000000 0.0000000000 0.0000000000 0.0000000000 0.0000000000 0.0000000000 0.0000000000 0.0000000000 0.0000000000 0.0000000000 0.0000000000 0.0000000000 0.0000000000
1.0000000000 0.0000000000 0.0000000000 0.0000000000 0.0000000000 0.0000000000 0.0000000000 0.0000000000 0.0000000000 0.0000000000 0.0000000000 0.0000000000 0.0000000000 0.0000000000 0.0000000000 0.0000000000 0.0000000000 0.0000000000 0.0000000000 0.0000000000 0.0000000000
0.0000000000 0.0000000000 0.3323667633 0.6675332467 0.0000999900 0.0000000000 0.0000000000 0.0000000000 0.0000000000 0.0000000000 0.0000000000 0.0000000000 0.0000000000 0.0000000000 0.0000000000 0.0000000000 0.0000000000 0.0000000000 0.0000000000 0.0000000000 0.0000000000
0.0000000000 0.0000000000 0.0000000000 0.0001000000 0.3219000000 0.6492000000 0.0286000000 0.0002000000 0.0000000000 0.0000000000 0.0000000000 0.0000000000 0.0000000000 0.0000000000 0.0000000000 0.0000000000 0.0000000000 0.0000000000 0.0000000000 0.0000000000 0.0000000000
0.0000000000 0.0000000000 0.0000000000 0.0000000000 0.0000000000 0.0282971703 0.4970502950 0.4195580442 0.0530946905 0.0019998000 0.0000000000 0.0000000000 0.0000000000 0.0000000000 0.0000000000 0.0000000000 0.0000000000 0.0000000000 0.0000000000 0.0000000000 0.0000000000
0.0000000000 0.0000000000 0.0000000000 0.0000000000 0.0000000000 0.0000000000 0.0109000000 0.2363000000 0.4987000000 0.2193000000 0.0325000000 0.0022000000 0.0001000000 0.0000000000 0.0000000000 0.0000000000 0.0000000000 0.0000000000 0.0000000000 0.0000000000 0.0000000000
0.0000000000 0.0000000000 0.0000000000 0.0000000000 0.0000000000 0.0000000000 0.0000999900 0.0116988301 0.1732826717 0.4266573343 0.2948705129 0.0810918908 0.0112988701 0.0008999100 0.0000999900 0.0000000000 0.0000000000 0.0000000000 0.0000000000 0.0000000000 0.0000000000
0.0000000000 0.0000000000 0.0000000000 0.0000000000 0.0000000000 0.0000000000 0.0000000000 0.0004000000 0.0215000000 0.1831000000 0.3840000000 0.2884000000 0.1005000000 0.0195000000 0.0024000000 0.0002000000 0.0000000000 0.0000000000 0.0000000000 0.0000000000 0.0000000000
